#Parameters = {C=0; C_off=4.48e-14; C_on=0; H_add_decoupl=0.338; Hair=10; Hair_lower=10; Hpre1=0.204; Hpre1_2=0.306; Hsub1=0.508; Hsub_add1=0.168; Hsub_bottom=0.101; Hsub_top2=0.762; L=1.3e-10; L1=0.02; L2_buf=0.26; L_add_cut=0.66; L_off=0; L_on=1.3e-10; L_stub_low=1.5; Ldiode=0.3302; Lline_low=1; Lp=1.52; Period_wall=0.5; Px=5; R=5.2; R_bottom_in=0.86; R_bottom_out=0.96; R_inner_bottom_ring=0.96; R_off=2.5; R_on=5.2; R_out_bottom_ring=1.11; Sigma_copper=58000000; W_ring_inner=0.15; WcircleInner_2=0.4; Wcut=0.9; Wp=1.52; X1Stub=-1.15; angle_stub=30; delta=0.3; deltaHAdd=0.101; deltaL1=0.14; deltaR2=0.15; deltaRCircle=0.2; deltaStubY=0.1; deltaStubY_top=0.3; delta_annual_ring=0.1; delta_edge=0.1; delta_via=0.9; delta_via_screen_center=0.25; h2_fr4=0.25; h2_prepreg=0.138; hSub=1.067; hfr4=0.102; l_add=0.76; phi=0; r_area=0.2; r_area_center=0.225; r_bottom_2=1.8; r_circle=0; r_out1=0; r_par=0.1; r_par_w=0.05; r_per=0.1; r_rez=0; r_road=0.05; r_shaped=1.15; r_shaped_2=1.2; r_shaped_low=1.2; r_via=0.1; r_via_center=0.125; r_via_wall=0.1; rad_circle=0.65; rez=0; roughness=0.0028; t_pog=0; th=0.018; th2=0.204; th3=0.5; th_top=0.07; theta=15; wDiode=0.3048; w_add=0.1; wstub=0.2}
#"Frequency / GHz"	"SZmax(1),Zmax(1) (theta=15) [Real/Imaginary Part] [Re]"	"SZmax(1),Zmax(1) (theta=15) [Real/Imaginary Part] [Im]"
#-----------------------------------------------------------------------------------------------------------------------------------
22.000000000000	0.53122064407441	0.72455679913090
22.007000000000	0.53488209002307	0.72143191213616
22.014000000000	0.53853617947469	0.71828016140993
22.021000000000	0.54218267838835	0.71510150250559
22.028000000000	0.54582135109701	0.71189589315599
22.035000000000	0.54945196032539	0.70866329330786
22.042000000000	0.55307426720854	0.70540366515629
22.049000000000	0.55668803131112	0.70211697317917
22.056000000000	0.56029301064727	0.69880318417151
22.063000000000	0.56388896170123	0.69546226727984
22.070000000000	0.56747563944863	0.69209419403639
22.077000000000	0.57105279737849	0.68869893839329
22.084000000000	0.57462018751583	0.68527647675663
22.091000000000	0.57817756044514	0.68182678802041
22.098000000000	0.58172466533435	0.67834985360039
22.105000000000	0.58526124995970	0.67484565746776
22.112000000000	0.58878706073121	0.67131418618268
22.119000000000	0.59230184271888	0.66775542892769
22.126000000000	0.59580533967959	0.66416937754086
22.133000000000	0.59929729408482	0.66055602654879
22.140000000000	0.60277744714893	0.65691537319940
22.147000000000	0.60624553885830	0.65324741749451
22.154000000000	0.60970130800113	0.64955216222210
22.161000000000	0.61314449219797	0.64582961298838
22.168000000000	0.61657482793299	0.64207977824962
22.175000000000	0.61999205058597	0.63830266934357
22.182000000000	0.62339589446501	0.63449830052069
22.189000000000	0.62678609283999	0.63066668897501
22.196000000000	0.63016237797674	0.62680785487461
22.203000000000	0.63352448117193	0.62292182139187
22.210000000000	0.63687213278870	0.61900861473319
22.217000000000	0.64020506229299	0.61506826416845
22.224000000000	0.64352299829066	0.61110080206001
22.231000000000	0.64682566856521	0.60710626389126
22.238000000000	0.65011280011631	0.60308468829482
22.245000000000	0.65338411919906	0.59903611708018
22.252000000000	0.65663935136384	0.59496059526095
22.259000000000	0.65987822149701	0.59085817108155
22.266000000000	0.66310045386219	0.58672889604348
22.273000000000	0.66630577214236	0.58257282493096
22.280000000000	0.66949389948250	0.57839001583611
22.287000000000	0.67266455853307	0.57418053018353
22.294000000000	0.67581747149406	0.56994443275432
22.301000000000	0.67895236015977	0.56568179170950
22.308000000000	0.68206894596422	0.56139267861280
22.315000000000	0.68516695002728	0.55707716845283
22.322000000000	0.68824609320137	0.55273533966466
22.329000000000	0.69130609611885	0.54836727415060
22.336000000000	0.69434667924005	0.54397305730047
22.343000000000	0.69736756290192	0.53955277801100
22.350000000000	0.70036846736726	0.53510652870468
22.357000000000	0.70334911287462	0.53063440534772
22.364000000000	0.70630921968872	0.52613650746735
22.371000000000	0.70924850815154	0.52161293816837
22.378000000000	0.71216669873387	0.51706380414883
22.385000000000	0.71506351208756	0.51248921571501
22.392000000000	0.71793866909818	0.50788928679549
22.399000000000	0.72079189093831	0.50326413495444
22.406000000000	0.72362289912133	0.49861388140405
22.413000000000	0.72643141555564	0.49393865101611
22.420000000000	0.72921716259954	0.48923857233267
22.427000000000	0.73197986311639	0.48451377757582
22.434000000000	0.73471924053039	0.47976440265660
22.441000000000	0.73743501888274	0.47499058718290
22.448000000000	0.74012692288820	0.47019247446647
22.455000000000	0.74279467799215	0.46537021152902
22.462000000000	0.74543801042798	0.46052394910721
22.469000000000	0.74805664727485	0.45565384165684
22.476000000000	0.75065031651589	0.45076004735585
22.483000000000	0.75321874709666	0.44584272810645
22.490000000000	0.75576166898399	0.44090204953620
22.497000000000	0.75827881322507	0.43593818099799
22.504000000000	0.76076991200687	0.43095129556904
22.511000000000	0.76323469871583	0.42594157004878
22.518000000000	0.76567290799777	0.42090918495576
22.525000000000	0.76808427581799	0.41585432452330
22.532000000000	0.77046853952167	0.41077717669429
22.539000000000	0.77282543789434	0.40567793311463
22.546000000000	0.77515471122261	0.40055678912576
22.553000000000	0.77745610135495	0.39541394375593
22.560000000000	0.77972935176260	0.39024959971047
22.567000000000	0.78197420760065	0.38506396336076
22.574000000000	0.78419041576909	0.37985724473221
22.581000000000	0.78637772497389	0.37462965749101
22.588000000000	0.78853588578823	0.36938141892965
22.595000000000	0.79066465071361	0.36411274995151
22.602000000000	0.79276377424091	0.35882387505396
22.609000000000	0.79483301291151	0.35351502231054
22.616000000000	0.79687212537823	0.34818642335183
22.623000000000	0.79888087246620	0.34283831334518
22.630000000000	0.80085901723358	0.33747093097324
22.637000000000	0.80280632503215	0.33208451841131
22.644000000000	0.80472256356774	0.32667932130348
22.651000000000	0.80660750296033	0.32125558873758
22.658000000000	0.80846091580407	0.31581357321898
22.665000000000	0.81028257722692	0.31035353064310
22.672000000000	0.81207226495007	0.30487572026684
22.679000000000	0.81382975934701	0.29938040467877
22.686000000000	0.81555484350224	0.29386784976804
22.693000000000	0.81724730326968	0.28833832469229
22.700000000000	0.81890692733059	0.28279210184422
22.707000000000	0.82053350725117	0.27722945681703
22.714000000000	0.82212683753957	0.27165066836871
22.721000000000	0.82368671570261	0.26605601838512
22.728000000000	0.82521294230178	0.26044579184193
22.735000000000	0.82670532100889	0.25482027676540
22.742000000000	0.82816365866107	0.24917976419199
22.749000000000	0.82958776531519	0.24352454812686
22.756000000000	0.83097745430167	0.23785492550121
22.763000000000	0.83233254227769	0.23217119612853
22.770000000000	0.83365284927969	0.22647366265969
22.777000000000	0.83493819877517	0.22076263053694
22.784000000000	0.83618841771383	0.21503840794687
22.791000000000	0.83740333657791	0.20930130577224
22.798000000000	0.83858278943175	0.20355163754273
22.805000000000	0.83972661397064	0.19778971938471
22.812000000000	0.84083465156874	0.19201586996988
22.819000000000	0.84190674732624	0.18623041046300
22.826000000000	0.84294275011563	0.18043366446846
22.833000000000	0.84394251262695	0.17462595797602
22.840000000000	0.84490589141241	0.16880761930551
22.847000000000	0.84583274692973	0.16297897905051
22.854000000000	0.84672294358475	0.15714037002120
22.861000000000	0.84757634977298	0.15129212718622
22.868000000000	0.84839283792008	0.14543458761369
22.875000000000	0.84917228452141	0.13956809041128
22.882000000000	0.84991457018045	0.13369297666545
22.889000000000	0.85061957964618	0.12780958937993
22.896000000000	0.85128720184931	0.12191827341323
22.903000000000	0.85191732993753	0.11601937541553
22.910000000000	0.85250986130942	0.11011324376464
22.917000000000	0.85306469764734	0.10420022850136
22.924000000000	0.85358174494918	0.098280681263995
22.931000000000	0.85406091355880	0.092354955222272
22.938000000000	0.85450211819531	0.086423405010549
22.945000000000	0.85490527798116	0.080486386660317
22.952000000000	0.85527031646896	0.074544257532210
22.959000000000	0.85559716166701	0.068597376247308
22.966000000000	0.85588574606359	0.062646102617926
22.973000000000	0.85613600665001	0.056690797577887
22.980000000000	0.85634788494226	0.050731823112210
22.987000000000	0.85652132700143	0.044769542186377
22.994000000000	0.85665628345272	0.038804318675174
23.001000000000	0.85675270950323	0.032836517290994
23.008000000000	0.85681056495832	0.026866503511864
23.015000000000	0.85682981423660	0.020894643509048
23.022000000000	0.85681042638362	0.014921304074296
23.029000000000	0.85675237508415	0.0089468525468675
23.036000000000	0.85665563867304	0.0029716567401807
23.043000000000	0.85652020014475	-0.0030039151317267
23.050000000000	0.85634604716152	-0.0089794945279508
23.057000000000	0.85613317205995	-0.014954712654666
23.064000000000	0.85588157185642	-0.020929200539253
23.071000000000	0.85559124825097	-0.026902589104483
23.078000000000	0.85526220762971	-0.032874509242859
23.085000000000	0.85489446106596	-0.038844591890962
23.092000000000	0.85448802431988	-0.044812468103865
23.099000000000	0.85404291783672	-0.050777769129516
23.106000000000	0.85355916674359	-0.056740126483089
23.113000000000	0.85303680084491	-0.062699172021291
23.120000000000	0.85247585461637	-0.068654538016516
23.127000000000	0.85187636719753	-0.074605857230961
23.134000000000	0.85123838238299	-0.080552762990470
23.141000000000	0.85056194861209	-0.086494889258256
23.148000000000	0.84984711895739	-0.092431870708400
23.155000000000	0.84909395111150	-0.098363342799056
23.162000000000	0.84830250737281	-0.10428894184540
23.169000000000	0.84747285462960	-0.11020830509227
23.176000000000	0.84660506434285	-0.11612107078639
23.183000000000	0.84569921252784	-0.12202687824834
23.190000000000	0.84475537973412	-0.12792536794402
23.197000000000	0.84377365102438	-0.13381618155569
23.204000000000	0.84275411595183	-0.13969896205260
23.211000000000	0.84169686853639	-0.14557335376104
23.218000000000	0.84060200723943	-0.15143900243399
23.225000000000	0.83946963493735	-0.15729555532004
23.232000000000	0.83829985889378	-0.16314266123192
23.239000000000	0.83709279073056	-0.16897997061431
23.246000000000	0.83584854639749	-0.17480713561103
23.253000000000	0.83456724614077	-0.18062381013157
23.260000000000	0.83324901447031	-0.18642964991700
23.267000000000	0.83189398012579	-0.19222431260504
23.274000000000	0.83050227604151	-0.19800745779449
23.281000000000	0.82907403931018	-0.20377874710892
23.288000000000	0.82760941114543	-0.20953784425942
23.295000000000	0.82610853684326	-0.21528441510673
23.302000000000	0.82457156574242	-0.22101812772239
23.309000000000	0.82299865118368	-0.22673865244915
23.316000000000	0.82138995046793	-0.23244566196034
23.323000000000	0.81974562481344	-0.23813883131855
23.330000000000	0.81806583931191	-0.24381783803321
23.337000000000	0.81635076288364	-0.24948236211732
23.344000000000	0.81460056823169	-0.25513208614318
23.351000000000	0.81281543179506	-0.26076669529719
23.358000000000	0.81099553370095	-0.26638587743356
23.365000000000	0.80914105771624	-0.27198932312709
23.372000000000	0.80725219119783	-0.27757672572491
23.379000000000	0.80532912504243	-0.28314778139710
23.386000000000	0.80337205363528	-0.28870218918631
23.393000000000	0.80138117479818	-0.29423965105631
23.400000000000	0.79935668973677	-0.29975987193936
23.407000000000	0.79729880298698	-0.30526255978254
23.414000000000	0.79520772236080	-0.31074742559300
23.421000000000	0.79308365889133	-0.31621418348193
23.428000000000	0.79092682677721	-0.32166255070756
23.435000000000	0.78873744332635	-0.32709224771688
23.442000000000	0.78651572889907	-0.33250299818622
23.449000000000	0.78426190685065	-0.33789452906070
23.456000000000	0.78197620347331	-0.34326657059244
23.463000000000	0.77965884793769	-0.34861885637762
23.470000000000	0.77731007223376	-0.35395112339232
23.477000000000	0.77493011111133	-0.35926311202713
23.484000000000	0.77251920202004	-0.36455456612063
23.491000000000	0.77007758504898	-0.36982523299152
23.498000000000	0.76760550286587	-0.37507486346970
23.505000000000	0.76510320065593	-0.38030321192596
23.512000000000	0.76257092606036	-0.38551003630051
23.519000000000	0.76000892911452	-0.39069509813037
23.526000000000	0.75741746218585	-0.39585816257534
23.533000000000	0.75479677991151	-0.40099899844292
23.540000000000	0.75214713913582	-0.40611737821185
23.547000000000	0.74946879884742	-0.41121307805453
23.554000000000	0.74676202011641	-0.41628587785814
23.561000000000	0.74402706603115	-0.42133556124459
23.568000000000	0.74126420163510	-0.42636191558915
23.575000000000	0.73847369386350	-0.43136473203796
23.582000000000	0.73565581147994	-0.43634380552424
23.589000000000	0.73281082501299	-0.44129893478334
23.596000000000	0.72993900669276	-0.44622992236653
23.603000000000	0.72704063038740	-0.45113657465362
23.610000000000	0.72411597153981	-0.45601870186439
23.617000000000	0.72116530710423	-0.46087611806876
23.624000000000	0.71818891548303	-0.46570864119586
23.631000000000	0.71518707646357	-0.47051609304183
23.638000000000	0.71216007115520	-0.47529829927659
23.645000000000	0.70910818192641	-0.48005508944926
23.652000000000	0.70603169234218	-0.48478629699260
23.659000000000	0.70293088710152	-0.48949175922620
23.666000000000	0.69980605197524	-0.49417131735858
23.673000000000	0.69665747374398	-0.49882481648821
23.680000000000	0.69348544013651	-0.50345210560328
23.687000000000	0.69029023976828	-0.50805303758059
23.694000000000	0.68707216208038	-0.51262746918313
23.701000000000	0.68383149727875	-0.51717526105674
23.708000000000	0.68056853627374	-0.52169627772566
23.715000000000	0.67728357062015	-0.52619038758701
23.722000000000	0.67397689245754	-0.53065746290432
23.729000000000	0.67064879445101	-0.53509737979990
23.736000000000	0.66729956973244	-0.53951001824635
23.743000000000	0.66392951184212	-0.54389526205700
23.750000000000	0.66053891467090	-0.54825299887542
23.757000000000	0.65712807240279	-0.55258312016393
23.764000000000	0.65369727945805	-0.55688552119115
23.771000000000	0.65024683043687	-0.56116010101875
23.778000000000	0.64677702006351	-0.56540676248712
23.785000000000	0.64328814313098	-0.56962541220026
23.792000000000	0.63978049444638	-0.57381596050973
23.799000000000	0.63625436877669	-0.57797832149782
23.806000000000	0.63271006079524	-0.58211241295979
23.813000000000	0.62914786502877	-0.58621815638531
23.820000000000	0.62556807580505	-0.59029547693912
23.827000000000	0.62197098720120	-0.59434430344090
23.834000000000	0.61835689299262	-0.59836456834430
23.841000000000	0.61472608660257	-0.60235620771531
23.848000000000	0.61107886105238	-0.60631916120982
23.855000000000	0.60741550891242	-0.61025337205051
23.862000000000	0.60373632225366	-0.61415878700299
23.869000000000	0.60004159259997	-0.61803535635133
23.876000000000	0.59633161088110	-0.62188303387285
23.883000000000	0.59260666738636	-0.62570177681230
23.890000000000	0.58886705171910	-0.62949154585545
23.897000000000	0.58511305275174	-0.63325230510197
23.904000000000	0.58134495858171	-0.63698402203786
23.911000000000	0.57756305648803	-0.64068666750720
23.918000000000	0.57376763288863	-0.64436021568335
23.925000000000	0.56995897329844	-0.64800464403970
23.932000000000	0.56613736228828	-0.65161993331985
23.939000000000	0.56230308344438	-0.65520606750726
23.946000000000	0.55845641932879	-0.65876303379448
23.953000000000	0.55459765144048	-0.66229082255191
23.960000000000	0.55072706017721	-0.66578942729608
23.967000000000	0.54684492479824	-0.66925884465755
23.974000000000	0.54295152338771	-0.67269907434837
23.981000000000	0.53904713281885	-0.67611011912919
23.988000000000	0.53513202871900	-0.67949198477595
23.995000000000	0.53120648543529	-0.68284468004627
24.002000000000	0.52727077600126	-0.68616821664544
24.009000000000	0.52332517210411	-0.68946260919218
24.016000000000	0.51936994405282	-0.69272787518403
24.023000000000	0.51540536074697	-0.69596403496245
24.030000000000	0.51143168964645	-0.69917111167774
24.037000000000	0.50744919674183	-0.70234913125361
24.044000000000	0.50345814652557	-0.70549812235153
24.051000000000	0.49945880196394	-0.70861811633497
24.058000000000	0.49545142446984	-0.71170914723331
24.065000000000	0.49143627387620	-0.71477125170560
24.072000000000	0.48741360841029	-0.71780446900423
24.079000000000	0.48338368466877	-0.72080884093832
24.086000000000	0.47934675759342	-0.72378441183706
24.093000000000	0.47530308044770	-0.72673122851294
24.100000000000	0.47125290479402	-0.72964934022476
24.107000000000	0.46719648047181	-0.73253879864069
24.114000000000	0.46313405557623	-0.73539965780116
24.121000000000	0.45906587643774	-0.73823197408171
24.128000000000	0.45499218760228	-0.74103580615578
24.135000000000	0.45091323181229	-0.74381121495750
24.142000000000	0.44682924998834	-0.74655826364440
24.149000000000	0.44274048121157	-0.74927701756016
24.156000000000	0.43864716270677	-0.75196754419734
24.163000000000	0.43454952982622	-0.75462991316013
24.170000000000	0.43044781603413	-0.75726419612710
24.177000000000	0.42634225289192	-0.75987046681408
24.184000000000	0.42223307004404	-0.76244880093698
24.191000000000	0.41812049520453	-0.76499927617472
24.198000000000	0.41400475414423	-0.76752197213229
24.205000000000	0.40988607067871	-0.77001697030381
24.212000000000	0.40576466665673	-0.77248435403573
24.219000000000	0.40164076194947	-0.77492420849015
24.226000000000	0.39751457444035	-0.77733662060823
24.233000000000	0.39338632001546	-0.77972167907374
24.240000000000	0.38925621255460	-0.78207947427680
24.247000000000	0.38512446392306	-0.78441009827765
24.254000000000	0.38099128396380	-0.78671364477068
24.261000000000	0.37685688049040	-0.78899020904861
24.268000000000	0.37272145928057	-0.79123988796683
24.275000000000	0.36858522407010	-0.79346277990792
24.282000000000	0.36444837654762	-0.79565898474636
24.289000000000	0.36031111634970	-0.79782860381346
24.296000000000	0.35617364105666	-0.79997173986252
24.303000000000	0.35203614618880	-0.80208849703412
24.310000000000	0.34789882520333	-0.80417898082173
24.317000000000	0.34376186949165	-0.80624329803752
24.324000000000	0.33962546837726	-0.80828155677837
24.331000000000	0.33548980911415	-0.81029386639216
24.338000000000	0.33135507688574	-0.81228033744433
24.345000000000	0.32722145480417	-0.81424108168463
24.352000000000	0.32308912391027	-0.81617621201421
24.359000000000	0.31895826317385	-0.81808584245292
24.366000000000	0.31482904949453	-0.81997008810691
24.373000000000	0.31070165770301	-0.82182906513651
24.380000000000	0.30657626056277	-0.82366289072439
24.387000000000	0.30245302877225	-0.82547168304397
24.394000000000	0.29833213096742	-0.82725556122822
24.401000000000	0.29421373372479	-0.82901464533862
24.408000000000	0.29009800156480	-0.83074905633457
24.415000000000	0.28598509695570	-0.83245891604298
24.422000000000	0.28187518031770	-0.83414434712823
24.429000000000	0.27776841002760	-0.83580547306244
24.436000000000	0.27366494242376	-0.83744241809604
24.443000000000	0.26956493181144	-0.83905530722867
24.450000000000	0.26546853046849	-0.84064426618037
24.457000000000	0.26137588865141	-0.84220942136316
24.464000000000	0.25728715460175	-0.84375089985285
24.471000000000	0.25320247455281	-0.84526882936128
24.478000000000	0.24912199273668	-0.84676333820881
24.485000000000	0.24504585139165	-0.84823455529720
24.492000000000	0.24097419076981	-0.84968261008274
24.499000000000	0.23690714914507	-0.85110763254986
24.506000000000	0.23284486282141	-0.85250975318491
24.513000000000	0.22878746614138	-0.85388910295040
24.520000000000	0.22473509149495	-0.85524581325950
24.527000000000	0.22068786932860	-0.85658001595095
24.534000000000	0.21664592815461	-0.85789184326426
24.541000000000	0.21260939456068	-0.85918142781525
24.548000000000	0.20857839321973	-0.86044890257197
24.555000000000	0.20455304690001	-0.86169440083092
24.562000000000	0.20053347647534	-0.86291805619363
24.569000000000	0.19651980093564	-0.86412000254360
24.576000000000	0.19251213739764	-0.86530037402353
24.583000000000	0.18851060111581	-0.86645930501295
24.590000000000	0.18451530549348	-0.86759693010615
24.597000000000	0.18052636209413	-0.86871338409048
24.604000000000	0.17654388065293	-0.86980880192494
24.611000000000	0.17256796908834	-0.87088331871918
24.618000000000	0.16859873351399	-0.87193706971280
24.625000000000	0.16463627825067	-0.87297019025492
24.632000000000	0.16068070583846	-0.87398281578427
24.639000000000	0.15673211704909	-0.87497508180939
24.646000000000	0.15279061089828	-0.87594712388932
24.653000000000	0.14885628465841	-0.87689907761458
24.660000000000	0.14492923387119	-0.87783107858846
24.667000000000	0.14100955236048	-0.87874326240866
24.674000000000	0.13709733224523	-0.87963576464922
24.681000000000	0.13319266395258	-0.88050872084287
24.688000000000	0.12929563623095	-0.88136226646356
24.695000000000	0.12540633616338	-0.88219653690948
24.702000000000	0.12152484918079	-0.88301166748621
24.709000000000	0.11765125907550	-0.88380779339040
24.716000000000	0.11378564801471	-0.88458504969357
24.723000000000	0.10992809655409	-0.88534357132634
24.730000000000	0.10607868365148	-0.88608349306294
24.737000000000	0.10223748668058	-0.88680494950604
24.744000000000	0.098404581444812	-0.88750807507186
24.751000000000	0.094580042191087	-0.88819300397561
24.758000000000	0.090763941623767	-0.88885987021723
24.765000000000	0.086956350918595	-0.88950880756738
24.772000000000	0.083157339736670	-0.89013994955383
24.779000000000	0.079366976238496	-0.89075342944806
24.786000000000	0.075585327098014	-0.89134938025215
24.793000000000	0.071812457516707	-0.89192793468602
24.800000000000	0.068048431237702	-0.89248922517489
24.807000000000	0.064293310559887	-0.89303338383708
24.814000000000	0.060547156352071	-0.89356054247205
24.821000000000	0.056810028067119	-0.89407083254874
24.828000000000	0.053081983756129	-0.89456438519416
24.835000000000	0.049363080082587	-0.89504133118231
24.842000000000	0.045653372336523	-0.89550180092326
24.849000000000	0.041952914448686	-0.89594592445265
24.856000000000	0.038261759004678	-0.89637383142128
24.863000000000	0.034579957259107	-0.89678565108515
24.870000000000	0.030907559149698	-0.89718151229555
24.877000000000	0.027244613311412	-0.89756154348958
24.884000000000	0.023591167090526	-0.89792587268085
24.891000000000	0.019947266558686	-0.89827462745039
24.898000000000	0.016312956526955	-0.89860793493789
24.905000000000	0.012688280559806	-0.89892592183312
24.912000000000	0.0090732809890892	-0.89922871436759
24.919000000000	0.0054679989279763	-0.89951643830650
24.926000000000	0.0018724742848404	-0.89978921894087
24.933000000000	-0.0017132542228760	-0.90004718107991
24.940000000000	-0.0052891490548675	-0.90029044904364
24.947000000000	-0.0088551738341905	-0.90051914665571
24.954000000000	-0.012411293333556	-0.90073339723645
24.961000000000	-0.015957473461671	-0.90093332359614
24.968000000000	-0.019493681249623	-0.90111904802850
24.975000000000	-0.023019884837331	-0.90129069230436
24.982000000000	-0.026536053460054	-0.90144837766560
24.989000000000	-0.030042157434948	-0.90159222481923
24.996000000000	-0.033538168147704	-0.90172235393171
25.003000000000	-0.037024058039227	-0.90183888462347
25.010000000000	-0.040499800592404	-0.90194193596360
25.017000000000	-0.043965370318920	-0.90203162646477
25.024000000000	-0.047420742746151	-0.90210807407832
25.031000000000	-0.050865894404137	-0.90217139618953
25.038000000000	-0.054300802812604	-0.90222170961309
25.045000000000	-0.057725446468090	-0.90225913058877
25.052000000000	-0.061139804831114	-0.90228377477718
25.059000000000	-0.064543858313453	-0.90229575725587
25.066000000000	-0.067937588265470	-0.90229519251542
25.073000000000	-0.071320976963537	-0.90228219445582
25.080000000000	-0.074694007597544	-0.90225687638299
25.087000000000	-0.078056664258463	-0.90221935100544
25.094000000000	-0.081408931926027	-0.90216973043113
25.101000000000	-0.084750796456475	-0.90210812616444
25.108000000000	-0.088082244570377	-0.90203464910336
25.115000000000	-0.091403263840565	-0.90194940953675
25.122000000000	-0.094713842680128	-0.90185251714185
25.129000000000	-0.098013970330513	-0.90174408098186
25.136000000000	-0.10130363684970	-0.90162420950367
25.143000000000	-0.10458283310048	-0.90149301053581
25.150000000000	-0.10785155073881	-0.90135059128644
25.157000000000	-0.11110978220225	-0.90119705834153
25.164000000000	-0.11435752069856	-0.90103251766318
25.171000000000	-0.11759476019425	-0.90085707458804
25.178000000000	-0.12082149540337	-0.90067083382589
25.185000000000	-0.12403772177633	-0.90047389945833
25.192000000000	-0.12724343548874	-0.90026637493761
25.199000000000	-0.13043863343053	-0.90004836308556
25.206000000000	-0.13362331319494	-0.89981996609265
25.213000000000	-0.13679747306778	-0.89958128551719
25.220000000000	-0.13996111201671	-0.89933242228459
25.227000000000	-0.14311422968059	-0.89907347668680
25.234000000000	-0.14625682635901	-0.89880454838181
25.241000000000	-0.14938890300181	-0.89852573639327
25.248000000000	-0.15251046119882	-0.89823713911022
25.255000000000	-0.15562150316953	-0.89793885428694
25.262000000000	-0.15872203175306	-0.89763097904288
25.269000000000	-0.16181205039802	-0.89731360986268
25.276000000000	-0.16489156315263	-0.89698684259629
25.283000000000	-0.16796057465484	-0.89665077245923
25.290000000000	-0.17101909012258	-0.89630549403290
25.297000000000	-0.17406711534411	-0.89595110126494
25.304000000000	-0.17710465666843	-0.89558768746979
25.311000000000	-0.18013172099585	-0.89521534532924
25.318000000000	-0.18314831576859	-0.89483416689308
25.325000000000	-0.18615444896154	-0.89444424357989
25.332000000000	-0.18915012907302	-0.89404566617783
25.339000000000	-0.19213536511574	-0.89363852484557
25.346000000000	-0.19511016660782	-0.89322290911325
25.353000000000	-0.19807454356385	-0.89279890788358
25.360000000000	-0.20102850648612	-0.89236660943290
25.367000000000	-0.20397206635590	-0.89192610141248
25.374000000000	-0.20690523462484	-0.89147747084968
25.381000000000	-0.20982802320643	-0.89102080414937
25.388000000000	-0.21274044446762	-0.89055618709530
25.395000000000	-0.21564251122041	-0.89008370485156
25.402000000000	-0.21853423671368	-0.88960344196413
25.409000000000	-0.22141563462502	-0.88911548236245
25.416000000000	-0.22428671905265	-0.88861990936109
25.423000000000	-0.22714750450751	-0.88811680566142
25.430000000000	-0.22999800590532	-0.88760625335341
25.437000000000	-0.23283823855884	-0.88708833391741
25.444000000000	-0.23566821817016	-0.88656312822604
25.451000000000	-0.23848796082313	-0.88603071654610
25.458000000000	-0.24129748297580	-0.88549117854054
25.465000000000	-0.24409680145303	-0.88494459327047
25.472000000000	-0.24688593343911	-0.88439103919722
25.479000000000	-0.24966489647057	-0.88383059418446
25.486000000000	-0.25243370842899	-0.88326333550034
25.493000000000	-0.25519238753392	-0.88268933981968
25.500000000000	-0.25794095233590	-0.88210868322620
25.507000000000	-0.26067942170954	-0.88152144121481
25.514000000000	-0.26340781484675	-0.88092768869393
25.521000000000	-0.26612615124994	-0.88032749998778
25.528000000000	-0.26883445072543	-0.87972094883885
25.535000000000	-0.27153273337686	-0.87910810841023
25.542000000000	-0.27422101959871	-0.87848905128815
25.549000000000	-0.27689933006988	-0.87786384948440
25.556000000000	-0.27956768574742	-0.87723257443885
25.563000000000	-0.28222610786026	-0.87659529702204
25.570000000000	-0.28487461790303	-0.87595208753770
25.577000000000	-0.28751323763006	-0.87530301572541
25.584000000000	-0.29014198904928	-0.87464815076315
25.591000000000	-0.29276089441640	-0.87398756127003
25.598000000000	-0.29536997622901	-0.87332131530893
25.605000000000	-0.29796925722082	-0.87264948038919
25.612000000000	-0.30055876035600	-0.87197212346936
25.619000000000	-0.30313850882357	-0.87128931095994
25.626000000000	-0.30570852603181	-0.87060110872612
25.633000000000	-0.30826883560289	-0.86990758209059
25.640000000000	-0.31081946136740	-0.86920879583635
25.647000000000	-0.31336042735910	-0.86850481420949
25.654000000000	-0.31589175780963	-0.86779570092208
25.661000000000	-0.31841347714340	-0.86708151915497
25.668000000000	-0.32092560997245	-0.86636233156071
25.675000000000	-0.32342818109144	-0.86563820026637
25.682000000000	-0.32592121547271	-0.86490918687652
25.689000000000	-0.32840473826136	-0.86417535247604
25.696000000000	-0.33087877477050	-0.86343675763312
25.703000000000	-0.33334335047643	-0.86269346240215
25.710000000000	-0.33579849101401	-0.86194552632667
25.717000000000	-0.33824422217205	-0.86119300844232
25.724000000000	-0.34068056988873	-0.86043596727980
25.731000000000	-0.34310756024716	-0.85967446086784
25.738000000000	-0.34552521947095	-0.85890854673615
25.745000000000	-0.34793357391984	-0.85813828191844
25.752000000000	-0.35033265008546	-0.85736372295540
25.759000000000	-0.35272247458707	-0.85658492589765
25.766000000000	-0.35510307416744	-0.85580194630879
25.773000000000	-0.35747447568870	-0.85501483926836
25.780000000000	-0.35983670612836	-0.85422365937489
25.787000000000	-0.36218979257529	-0.85342846074885
25.794000000000	-0.36453376222582	-0.85262929703572
25.801000000000	-0.36686864237992	-0.85182622140895
25.808000000000	-0.36919446043735	-0.85101928657301
25.815000000000	-0.37151124389394	-0.85020854476638
25.822000000000	-0.37381902033793	-0.84939404776459
25.829000000000	-0.37611781744631	-0.84857584688320
25.836000000000	-0.37840766298129	-0.84775399298084
25.843000000000	-0.38068858478677	-0.84692853646220
25.850000000000	-0.38296061078487	-0.84609952728107
25.857000000000	-0.38522376897255	-0.84526701494333
25.864000000000	-0.38747808741826	-0.84443104850993
25.871000000000	-0.38972359425863	-0.84359167659994
25.878000000000	-0.39196031769523	-0.84274894739353
25.885000000000	-0.39418828599139	-0.84190290863493
25.892000000000	-0.39640752746906	-0.84105360763549
25.899000000000	-0.39861807050571	-0.84020109127659
25.906000000000	-0.40081994353131	-0.83934540601268
25.913000000000	-0.40301317502532	-0.83848659787423
25.920000000000	-0.40519779351376	-0.83762471247068
25.927000000000	-0.40737382756634	-0.83675979499347
25.934000000000	-0.40954130579358	-0.83589189021889
25.941000000000	-0.41170025684403	-0.83502104251115
25.948000000000	-0.41385070940155	-0.83414729582522
25.955000000000	-0.41599269218255	-0.83327069370984
25.962000000000	-0.41812623393338	-0.83239127931039
25.969000000000	-0.42025136342772	-0.83150909537187
25.976000000000	-0.42236810946395	-0.83062418424174
25.983000000000	-0.42447650086273	-0.82973658787289
25.990000000000	-0.42657656646442	-0.82884634782649
25.997000000000	-0.42866833512671	-0.82795350527490
26.000000000000	-0.42956227468569	-0.82757007190282
26.004000000000	-0.43075183572220	-0.82705810100452
26.011000000000	-0.43282709713603	-0.82616017541869
26.018000000000	-0.43489414826361	-0.82525976854052
26.025000000000	-0.43695301800833	-0.82435692001574
26.032000000000	-0.43900373527931	-0.82345166911553
26.039000000000	-0.44104632898925	-0.82254405473938
26.046000000000	-0.44308082805225	-0.82163411541785
26.053000000000	-0.44510726138169	-0.82072188931544
26.060000000000	-0.44712565788820	-0.81980741423331
26.067000000000	-0.44913604647757	-0.81889072761211
26.074000000000	-0.45113845604879	-0.81797186653476
26.081000000000	-0.45313291549207	-0.81705086772917
26.088000000000	-0.45511945368692	-0.81612776757099
26.095000000000	-0.45709809950025	-0.81520260208639
26.102000000000	-0.45906888178455	-0.81427540695474
26.109000000000	-0.46103182937602	-0.81334621751133
26.116000000000	-0.46298697109281	-0.81241506875009
26.123000000000	-0.46493433573327	-0.81148199532624
26.130000000000	-0.46687395207426	-0.81054703155901
26.137000000000	-0.46880584886938	-0.80961021143425
26.144000000000	-0.47073005484742	-0.80867156860713
26.151000000000	-0.47264659871068	-0.80773113640473
26.158000000000	-0.47455550913339	-0.80678894782871
26.165000000000	-0.47645681476015	-0.80584503555787
26.172000000000	-0.47835054420444	-0.80489943195080
26.179000000000	-0.48023672604708	-0.80395216904841
26.186000000000	-0.48211538883478	-0.80300327857654
26.193000000000	-0.48398656107871	-0.80205279194850
26.200000000000	-0.48585027125309	-0.80110074026764
26.207000000000	-0.48770654779380	-0.80014715432983
26.214000000000	-0.48955541909707	-0.79919206462603
26.221000000000	-0.49139691351811	-0.79823550134475
26.228000000000	-0.49323105936983	-0.79727749437458
26.235000000000	-0.49505788492160	-0.79631807330664
26.242000000000	-0.49687741839798	-0.79535726743706
26.249000000000	-0.49868968797753	-0.79439510576940
26.256000000000	-0.50049472179158	-0.79343161701713
26.263000000000	-0.50229254792314	-0.79246682960601
26.270000000000	-0.50408319440570	-0.79150077167652
26.277000000000	-0.50586668922215	-0.79053347108627
26.284000000000	-0.50764306030369	-0.78956495541233
26.291000000000	-0.50941233552876	-0.78859525195365
26.298000000000	-0.51117454272201	-0.78762438773339
26.305000000000	-0.51292970965329	-0.78665238950126
26.312000000000	-0.51467786403663	-0.78567928373584
26.319000000000	-0.51641903352934	-0.78470509664691
26.326000000000	-0.51815324573097	-0.78372985417774
26.333000000000	-0.51988052818248	-0.78275358200736
26.340000000000	-0.52160090836528	-0.78177630555285
26.347000000000	-0.52331441370037	-0.78079804997161
26.354000000000	-0.52502107154748	-0.77981884016357
26.361000000000	-0.52672090920425	-0.77883870077342
26.368000000000	-0.52841395390538	-0.77785765619288
26.375000000000	-0.53010023282188	-0.77687573056285
26.382000000000	-0.53177977306026	-0.77589294777561
26.389000000000	-0.53345260166179	-0.77490933147701
26.396000000000	-0.53511874560177	-0.77392490506863
26.403000000000	-0.53677823178881	-0.77293969170994
26.410000000000	-0.53843108706414	-0.77195371432039
26.417000000000	-0.54007733820092	-0.77096699558162
26.424000000000	-0.54171701190361	-0.76997955793947
26.431000000000	-0.54335013480731	-0.76899142360616
26.438000000000	-0.54497673347712	-0.76800261456233
26.445000000000	-0.54659683440760	-0.76701315255914
26.452000000000	-0.54821046402214	-0.76602305912029
26.459000000000	-0.54981764867238	-0.76503235554411
26.466000000000	-0.55141841463773	-0.76404106290558
26.473000000000	-0.55301278812476	-0.76304920205834
26.480000000000	-0.55460079526674	-0.76205679363670
26.487000000000	-0.55618246212312	-0.76106385805766
26.494000000000	-0.55775781467906	-0.76007041552286
26.500000000000	-0.55910311084474	-0.75921850501200
26.501000000000	-0.55932687884497	-0.75907648602061
26.508000000000	-0.56088968045606	-0.75808208932776
26.515000000000	-0.56244624527190	-0.75708724501175
26.522000000000	-0.56399659897605	-0.75609197243247
26.529000000000	-0.56554076717560	-0.75509629074422
26.536000000000	-0.56707877540085	-0.75410021889763
26.543000000000	-0.56861064910492	-0.75310377564154
26.550000000000	-0.57013641366341	-0.75210697952490
26.557000000000	-0.57165609437405	-0.75110984889865
26.564000000000	-0.57316971645644	-0.75011240191759
26.571000000000	-0.57467730505168	-0.74911465654225
26.578000000000	-0.57617888522215	-0.74811663054070
26.585000000000	-0.57767448195123	-0.74711834149041
26.592000000000	-0.57916412014301	-0.74611980678008
26.599000000000	-0.58064782462214	-0.74512104361145
26.606000000000	-0.58212562013353	-0.74412206900108
26.613000000000	-0.58359753134221	-0.74312289978216
26.620000000000	-0.58506358283313	-0.74212355260629
26.627000000000	-0.58652379911100	-0.74112404394527
26.634000000000	-0.58797820460013	-0.74012439009281
26.641000000000	-0.58942682364431	-0.73912460716632
26.648000000000	-0.59086968050671	-0.73812471110864
26.655000000000	-0.59230679936977	-0.73712471768976
26.662000000000	-0.59373820433514	-0.73612464250856
26.669000000000	-0.59516391942360	-0.73512450099446
26.676000000000	-0.59658396857506	-0.73412430840919
26.683000000000	-0.59799837564850	-0.73312407984842
26.690000000000	-0.59940716442200	-0.73212383024345
26.697000000000	-0.60081035859277	-0.73112357436288
26.704000000000	-0.60220798177714	-0.73012332681425
26.711000000000	-0.60360005751071	-0.72912310204566
26.718000000000	-0.60498660924835	-0.72812291434745
26.725000000000	-0.60636766036437	-0.72712277785374
26.732000000000	-0.60774323415262	-0.72612270654409
26.739000000000	-0.60911335382664	-0.72512271424504
26.746000000000	-0.61047804251988	-0.72412281463174
26.753000000000	-0.61183732328587	-0.72312302122941
26.760000000000	-0.61319121909844	-0.72212334741499
26.767000000000	-0.61453975285200	-0.72112380641857
26.774000000000	-0.61588294736184	-0.72012441132496
26.781000000000	-0.61722082536440	-0.71912517507513
26.788000000000	-0.61855340951762	-0.71812611046770
26.795000000000	-0.61988072240133	-0.71712723016039
26.802000000000	-0.62120278651764	-0.71612854667141
26.809000000000	-0.62251962429137	-0.71513007238088
26.816000000000	-0.62383125807051	-0.71413181953218
26.823000000000	-0.62513771012669	-0.71313380023334
26.830000000000	-0.62643900265578	-0.71213602645826
26.837000000000	-0.62773515777836	-0.71113851004808
26.844000000000	-0.62902619754037	-0.71014126271234
26.851000000000	-0.63031214391374	-0.70914429603025
26.858000000000	-0.63159301879700	-0.70814762145178
26.865000000000	-0.63286884401606	-0.70715125029884
26.872000000000	-0.63413964132485	-0.70615519376628
26.879000000000	-0.63540543240615	-0.70515946292295
26.886000000000	-0.63666623887237	-0.70416406871265
26.893000000000	-0.63792208226635	-0.70316902195498
26.900000000000	-0.63917298406227	-0.70217433334623
26.907000000000	-0.64041896566648	-0.70118001346007
26.914000000000	-0.64166004841848	-0.70018607274830
26.921000000000	-0.64289625359178	-0.69919252154138
26.928000000000	-0.64412760239495	-0.69819937004901
26.935000000000	-0.64535411597249	-0.69720662836049
26.942000000000	-0.64657581540593	-0.69621430644510
26.949000000000	-0.64779272171474	-0.69522241415225
26.956000000000	-0.64900485585734	-0.69423096121165
26.963000000000	-0.65021223873213	-0.69323995723327
26.970000000000	-0.65141489117842	-0.69224941170721
26.977000000000	-0.65261283397738	-0.69125933400346
26.984000000000	-0.65380608785298	-0.69026973337146
26.991000000000	-0.65499467347284	-0.68928061893964
26.998000000000	-0.65617861144906	-0.68829199971469
27.000000000000	-0.65651602867161	-0.68800962928169
27.005000000000	-0.65735792233893	-0.68730388458076
27.012000000000	-0.65853262664559	-0.68631628229850
27.019000000000	-0.65970274481861	-0.68532920150394
27.026000000000	-0.66086829725437	-0.68434265070723
27.033000000000	-0.66202930429638	-0.68335663829120
27.040000000000	-0.66318578623538	-0.68237117250984
27.047000000000	-0.66433776330930	-0.68138626148657
27.054000000000	-0.66548525570300	-0.68040191321242
27.061000000000	-0.66662828354777	-0.67941813554410
27.068000000000	-0.66776686692062	-0.67843493620191
27.075000000000	-0.66890102584323	-0.67745232276761
27.082000000000	-0.67003078028067	-0.67647030268222
27.089000000000	-0.67115615013979	-0.67548888324374
27.096000000000	-0.67227715526721	-0.67450807160487
27.103000000000	-0.67339381544704	-0.67352787477076
27.110000000000	-0.67450615039816	-0.67254829959679
27.117000000000	-0.67561417977113	-0.67156935278645
27.124000000000	-0.67671792314467	-0.67059104088938
27.131000000000	-0.67781740002183	-0.66961337029951
27.138000000000	-0.67891262982558	-0.66863634725357
27.145000000000	-0.68000363189420	-0.66765997782975
27.152000000000	-0.68109042547608	-0.66668426794681
27.159000000000	-0.68217302972433	-0.66570922336353
27.166000000000	-0.68325146369088	-0.66473484967870
27.173000000000	-0.68432574632043	-0.66376115233150
27.180000000000	-0.68539589644400	-0.66278813660261
27.187000000000	-0.68646193277236	-0.66181580761584
27.194000000000	-0.68752387388930	-0.66084417034051
27.201000000000	-0.68858173824479	-0.65987322959447
27.208000000000	-0.68963554414824	-0.65890299004800
27.215000000000	-0.69068530976174	-0.65793345622833
27.222000000000	-0.69173105309361	-0.65696463252512
27.229000000000	-0.69277279199217	-0.65599652319659
27.236000000000	-0.69381054413995	-0.65502913237653
27.243000000000	-0.69484432704843	-0.65406246408200
27.250000000000	-0.69587415805329	-0.65309652222180
27.257000000000	-0.69690005431052	-0.65213131060551
27.264000000000	-0.69792203279321	-0.65116683295321
27.271000000000	-0.69894011028929	-0.65020309290557
27.278000000000	-0.69995430340026	-0.64924009403444
27.285000000000	-0.70096462854091	-0.64827783985360
27.292000000000	-0.70197110194010	-0.64731633382974
27.299000000000	-0.70297373964273	-0.64635557939343
27.306000000000	-0.70397255751274	-0.64539557994990
27.313000000000	-0.70496757123724	-0.64443633888961
27.320000000000	-0.70595879633172	-0.64347785959841
27.327000000000	-0.70694624814630	-0.64252014546714
27.334000000000	-0.70792994187288	-0.64156319990053
27.341000000000	-0.70890989255318	-0.64060702632536
27.348000000000	-0.70988611508758	-0.63965162819769
27.355000000000	-0.71085862424449	-0.63869700900915
27.362000000000	-0.71182743467038	-0.63774317229214
27.369000000000	-0.71279256090002	-0.63679012162395
27.376000000000	-0.71375401736712	-0.63583786062978
27.383000000000	-0.71471181841490	-0.63488639298456
27.390000000000	-0.71566597830673	-0.63393572241376
27.397000000000	-0.71661651123654	-0.63298585269296
27.404000000000	-0.71756343133889	-0.63203678764651
27.411000000000	-0.71850675269865	-0.63108853114514
27.418000000000	-0.71944648936015	-0.63014108710270
27.425000000000	-0.72038265533567	-0.62919445947207
27.432000000000	-0.72131526461325	-0.62824865224039
27.439000000000	-0.72224433116375	-0.62730366942366
27.446000000000	-0.72316986894713	-0.62635951506085
27.453000000000	-0.72409189191784	-0.62541619320764
27.460000000000	-0.72501041402946	-0.62447370792986
27.467000000000	-0.72592544923845	-0.62353206329679
27.474000000000	-0.72683701150708	-0.62259126337432
27.481000000000	-0.72774511480563	-0.62165131221820
27.488000000000	-0.72864977311377	-0.62071221386734
27.495000000000	-0.72955100042128	-0.61977397233734
27.502000000000	-0.73044881072811	-0.61883659161417
27.509000000000	-0.73134321804384	-0.61790007564824
27.516000000000	-0.73223423638661	-0.61696442834878
27.523000000000	-0.73312187978155	-0.61602965357857
27.530000000000	-0.73400616225884	-0.61509575514910
27.537000000000	-0.73488709785142	-0.61416273681616
27.544000000000	-0.73576470059238	-0.61323060227584
27.551000000000	-0.73663898451214	-0.61229935516103
27.558000000000	-0.73750996363543	-0.61136899903822
27.565000000000	-0.73837765197821	-0.61043953740490
27.572000000000	-0.73924206354440	-0.60951097368723
27.579000000000	-0.74010321232269	-0.60858331123818
27.586000000000	-0.74096111228325	-0.60765655333602
27.593000000000	-0.74181577737453	-0.60673070318318
27.600000000000	-0.74266722152008	-0.60580576390543
27.607000000000	-0.74351545861552	-0.60488173855133
27.614000000000	-0.74436050252549	-0.60395863009205
27.621000000000	-0.74520236708088	-0.60303644142137
27.628000000000	-0.74604106607606	-0.60211517535588
27.635000000000	-0.74687661326630	-0.60119483463550
27.642000000000	-0.74770902236539	-0.60027542192408
27.649000000000	-0.74853830704331	-0.59935693981016
27.656000000000	-0.74936448092415	-0.59843939080797
27.663000000000	-0.75018755758413	-0.59752277735838
27.670000000000	-0.75100755054983	-0.59660710183012
27.677000000000	-0.75182447329649	-0.59569236652094
27.684000000000	-0.75263833924656	-0.59477857365895
27.691000000000	-0.75344916176830	-0.59386572540388
27.698000000000	-0.75425695417459	-0.59295382384854
27.705000000000	-0.75506172972183	-0.59204287102014
27.712000000000	-0.75586350160900	-0.59113286888174
27.719000000000	-0.75666228297679	-0.59022381933368
27.726000000000	-0.75745808690691	-0.58931572421498
27.733000000000	-0.75825092642142	-0.58840858530473
27.740000000000	-0.75904081448225	-0.58750240432353
27.747000000000	-0.75982776399077	-0.58659718293482
27.754000000000	-0.76061178778740	-0.58569292274628
27.761000000000	-0.76139289865139	-0.58478962531109
27.768000000000	-0.76217110930060	-0.58388729212929
27.775000000000	-0.76294643239137	-0.58298592464899
27.782000000000	-0.76371888051848	-0.58208552426762
27.789000000000	-0.76448846621509	-0.58118609233313
27.796000000000	-0.76525520195283	-0.58028763014512
27.803000000000	-0.76601910014184	-0.57939013895598
27.810000000000	-0.76678017313094	-0.57849361997195
27.817000000000	-0.76753843320773	-0.57759807435420
27.824000000000	-0.76829389259884	-0.57670350321978
27.831000000000	-0.76904656347013	-0.57580990764264
27.838000000000	-0.76979645792694	-0.57491728865456
27.845000000000	-0.77054358801437	-0.57402564724602
27.852000000000	-0.77128796571757	-0.57313498436709
27.859000000000	-0.77202960296203	-0.57224530092827
27.866000000000	-0.77276851161395	-0.57135659780126
27.873000000000	-0.77350470348055	-0.57046887581975
27.880000000000	-0.77423819031041	-0.56958213578017
27.887000000000	-0.77496898379385	-0.56869637844239
27.894000000000	-0.77569709556331	-0.56781160453039
27.901000000000	-0.77642253719366	-0.56692781473293
27.908000000000	-0.77714532020268	-0.56604500970418
27.915000000000	-0.77786545605135	-0.56516319006434
27.922000000000	-0.77858295614428	-0.56428235640020
27.929000000000	-0.77929783183009	-0.56340250926569
27.936000000000	-0.78001009440181	-0.56252364918246
27.943000000000	-0.78071975509722	-0.56164577664039
27.950000000000	-0.78142682509932	-0.56076889209804
27.957000000000	-0.78213131553664	-0.55989299598320
27.964000000000	-0.78283323748368	-0.55901808869331
27.971000000000	-0.78353260196125	-0.55814417059592
27.978000000000	-0.78422941993689	-0.55727124202910
27.985000000000	-0.78492370232523	-0.55639930330192
27.992000000000	-0.78561545998837	-0.55552835469477
27.999000000000	-0.78630470373625	-0.55465839645977
28.006000000000	-0.78699144432702	-0.55378942882121
28.013000000000	-0.78767569246744	-0.55292145197580
28.020000000000	-0.78835745881316	-0.55205446609311
28.027000000000	-0.78903675396919	-0.55118847131588
28.034000000000	-0.78971358849017	-0.55032346776032
28.041000000000	-0.79038797288076	-0.54945945551647
28.048000000000	-0.79105991759597	-0.54859643464849
28.055000000000	-0.79172943304153	-0.54773440519495
28.062000000000	-0.79239652957420	-0.54687336716912
28.069000000000	-0.79306121750215	-0.54601332055927
28.076000000000	-0.79372350708523	-0.54515426532892
28.083000000000	-0.79438340853536	-0.54429620141712
28.090000000000	-0.79504093201684	-0.54343912873870
28.097000000000	-0.79569608764662	-0.54258304718452
28.104000000000	-0.79634888549471	-0.54172795662172
28.111000000000	-0.79699933558442	-0.54087385689394
28.118000000000	-0.79764744789271	-0.54002074782157
28.125000000000	-0.79829323235047	-0.53916862920197
28.132000000000	-0.79893669884284	-0.53831750080968
28.139000000000	-0.79957785720954	-0.53746736239662
28.146000000000	-0.80021671724511	-0.53661821369235
28.153000000000	-0.80085328869923	-0.53577005440420
28.160000000000	-0.80148758127705	-0.53492288421752
28.167000000000	-0.80211960463940	-0.53407670279587
28.174000000000	-0.80274936840315	-0.53323150978114
28.181000000000	-0.80337688214145	-0.53238730479385
28.188000000000	-0.80400215538402	-0.53154408743321
28.195000000000	-0.80462519761745	-0.53070185727737
28.202000000000	-0.80524601828542	-0.52986061388356
28.209000000000	-0.80586462678903	-0.52902035678824
28.216000000000	-0.80648103248704	-0.52818108550732
28.223000000000	-0.80709524469614	-0.52734279953624
28.230000000000	-0.80770727269122	-0.52650549835016
28.237000000000	-0.80831712570563	-0.52566918140414
28.244000000000	-0.80892481293144	-0.52483384813322
28.251000000000	-0.80953034351969	-0.52399949795261
28.258000000000	-0.81013372658065	-0.52316613025780
28.265000000000	-0.81073497118409	-0.52233374442472
28.272000000000	-0.81133408635951	-0.52150233980987
28.279000000000	-0.81193108109640	-0.52067191575039
28.286000000000	-0.81252596434448	-0.51984247156426
28.293000000000	-0.81311874501395	-0.51901400655039
28.300000000000	-0.81370943197574	-0.51818651998871
28.307000000000	-0.81429803406176	-0.51736001114033
28.314000000000	-0.81488456006508	-0.51653447924763
28.321000000000	-0.81546901874027	-0.51570992353433
28.328000000000	-0.81605141880355	-0.51488634320566
28.335000000000	-0.81663176893307	-0.51406373744842
28.342000000000	-0.81721007776912	-0.51324210543108
28.349000000000	-0.81778635391439	-0.51242144630387
28.356000000000	-0.81836060593418	-0.51160175919889
28.363000000000	-0.81893284235662	-0.51078304323017
28.370000000000	-0.81950307167293	-0.50996529749378
28.377000000000	-0.82007130233762	-0.50914852106789
28.384000000000	-0.82063754276873	-0.50833271301284
28.391000000000	-0.82120180134803	-0.50751787237126
28.398000000000	-0.82176408642128	-0.50670399816809
28.405000000000	-0.82232440629842	-0.50589108941065
28.412000000000	-0.82288276925380	-0.50507914508875
28.419000000000	-0.82343918352641	-0.50426816417468
28.426000000000	-0.82399365732008	-0.50345814562335
28.433000000000	-0.82454619880370	-0.50264908837227
28.440000000000	-0.82509681611145	-0.50184099134163
28.447000000000	-0.82564551734298	-0.50103385343437
28.454000000000	-0.82619231056368	-0.50022767353617
28.461000000000	-0.82673720380482	-0.49942245051553
28.468000000000	-0.82728020506383	-0.49861818322381
28.475000000000	-0.82782132230446	-0.49781487049523
28.482000000000	-0.82836056345701	-0.49701251114694
28.489000000000	-0.82889793641855	-0.49621110397901
28.496000000000	-0.82943344905307	-0.49541064777446
28.503000000000	-0.82996710919177	-0.49461114129930
28.510000000000	-0.83049892463319	-0.49381258330254
28.517000000000	-0.83102890314347	-0.49301497251616
28.524000000000	-0.83155705245651	-0.49221830765517
28.531000000000	-0.83208338027419	-0.49142258741760
28.538000000000	-0.83260789426657	-0.49062781048448
28.545000000000	-0.83313060207210	-0.48983397551985
28.552000000000	-0.83365151129778	-0.48904108117076
28.559000000000	-0.83417062951943	-0.48824912606722
28.566000000000	-0.83468796428180	-0.48745810882226
28.573000000000	-0.83520352309882	-0.48666802803182
28.580000000000	-0.83571731345380	-0.48587888227480
28.587000000000	-0.83622934279959	-0.48509067011298
28.594000000000	-0.83673961855881	-0.48430339009101
28.601000000000	-0.83724814812399	-0.48351704073637
28.608000000000	-0.83775493885783	-0.48273162055934
28.615000000000	-0.83825999809332	-0.48194712805293
28.622000000000	-0.83876333313401	-0.48116356169285
28.629000000000	-0.83926495125411	-0.48038091993744
28.636000000000	-0.83976485969875	-0.47959920122762
28.643000000000	-0.84026306568411	-0.47881840398682
28.650000000000	-0.84075957639765	-0.47803852662092
28.657000000000	-0.84125439899829	-0.47725956751817
28.664000000000	-0.84174754061656	-0.47648152504910
28.671000000000	-0.84223900835481	-0.47570439756644
28.678000000000	-0.84272880928738	-0.47492818340506
28.685000000000	-0.84321695046082	-0.47415288088183
28.692000000000	-0.84370343889399	-0.47337848829554
28.699000000000	-0.84418828157832	-0.47260500392681
28.706000000000	-0.84467148547795	-0.47183242603794
28.713000000000	-0.84515305752989	-0.47106075287283
28.720000000000	-0.84563300464424	-0.47028998265685
28.727000000000	-0.84611133370433	-0.46952011359669
28.734000000000	-0.84658805156690	-0.46875114388025
28.741000000000	-0.84706316506229	-0.46798307167647
28.748000000000	-0.84753668099459	-0.46721589513522
28.755000000000	-0.84800860614180	-0.46644961238713
28.762000000000	-0.84847894725606	-0.46568422154341
28.769000000000	-0.84894771106372	-0.46491972069571
28.776000000000	-0.84941490426561	-0.46415610791594
28.783000000000	-0.84988053353713	-0.46339338125608
28.790000000000	-0.85034460552842	-0.46263153874800
28.797000000000	-0.85080712686458	-0.46187057840326
28.804000000000	-0.85126810414577	-0.46111049821293
28.811000000000	-0.85172754394738	-0.46035129614733
28.818000000000	-0.85218545282022	-0.45959297015586
28.825000000000	-0.85264183729063	-0.45883551816677
28.832000000000	-0.85309670386068	-0.45807893808690
28.839000000000	-0.85355005900829	-0.45732322780145
28.846000000000	-0.85400190918740	-0.45656838517373
28.853000000000	-0.85445226082808	-0.45581440804492
28.860000000000	-0.85490112033675	-0.45506129423377
28.867000000000	-0.85534849409627	-0.45430904153634
28.874000000000	-0.85579438846607	-0.45355764772570
28.881000000000	-0.85623880978236	-0.45280711055166
28.888000000000	-0.85668176435819	-0.45205742774045
28.895000000000	-0.85712325848364	-0.45130859699440
28.902000000000	-0.85756329842595	-0.45056061599161
28.909000000000	-0.85800189042961	-0.44981348238564
28.916000000000	-0.85843904071656	-0.44906719380512
28.923000000000	-0.85887475548624	-0.44832174785343
28.930000000000	-0.85930904091576	-0.44757714210833
28.937000000000	-0.85974190316003	-0.44683337412153
28.944000000000	-0.86017334835184	-0.44609044141838
28.951000000000	-0.86060338260201	-0.44534834149737
28.958000000000	-0.86103201199948	-0.44460707182980
28.965000000000	-0.86145924261143	-0.44386662985930
28.972000000000	-0.86188508048338	-0.44312701300138
28.979000000000	-0.86230953163929	-0.44238821864301
28.986000000000	-0.86273260208168	-0.44165024414214
28.993000000000	-0.86315429779168	-0.44091308682717
29.000000000000	-0.86357462472916	-0.44017674399652
