#Parameters = {C=0; C_off=4.48e-14; C_on=0; H_add_decoupl=0.338; Hair=10; Hair_lower=10; Hpre1=0.204; Hpre1_2=0.306; Hsub1=0.508; Hsub_add1=0.168; Hsub_bottom=0.101; Hsub_top2=0.762; L=1.3e-10; L1=0.02; L2_buf=0.26; L_add_cut=0.66; L_off=0; L_on=1.3e-10; L_stub_low=1.5; Ldiode=0.3302; Lline_low=1; Lp=1.52; Period_wall=0.5; Px=5; R=5.2; R_bottom_in=0.86; R_bottom_out=0.96; R_inner_bottom_ring=0.96; R_off=2.5; R_on=5.2; R_out_bottom_ring=1.11; Sigma_copper=58000000; W_ring_inner=0.15; WcircleInner_2=0.4; Wcut=0.9; Wp=1.52; X1Stub=-1.15; angle_stub=30; delta=0.3; deltaHAdd=0.101; deltaL1=0.14; deltaR2=0.15; deltaRCircle=0.2; deltaStubY=0.1; deltaStubY_top=0.3; delta_annual_ring=0.1; delta_edge=0.1; delta_via=0.9; delta_via_screen_center=0.25; h2_fr4=0.25; h2_prepreg=0.138; hSub=1.067; hfr4=0.102; l_add=0.76; phi=0; r_area=0.2; r_area_center=0.225; r_bottom_2=1.8; r_circle=0; r_out1=0; r_par=0.1; r_par_w=0.05; r_per=0.1; r_rez=0; r_road=0.05; r_shaped=1.15; r_shaped_2=1.2; r_shaped_low=1.2; r_via=0.1; r_via_center=0.125; r_via_wall=0.1; rad_circle=0.65; rez=0; roughness=0.0028; t_pog=0; th=0.018; th2=0.204; th3=0.5; th_top=0.07; theta=45; wDiode=0.3048; w_add=0.1; wstub=0.2}
#"Frequency / GHz"	"SZmax(1),Zmax(1) (theta=45) [Real/Imaginary Part] [Re]"	"SZmax(1),Zmax(1) (theta=45) [Real/Imaginary Part] [Im]"
#-----------------------------------------------------------------------------------------------------------------------------------
22.000000000000	0.24077817180417	0.85041944144829
22.007000000000	0.24595410185347	0.84828386677994
22.014000000000	0.25113893402612	0.84610640265684
22.021000000000	0.25633233700254	0.84388668988160
22.028000000000	0.26153397207531	0.84162437023185
22.035000000000	0.26674349308353	0.83931908658656
22.042000000000	0.27196054634864	0.83697048305526
22.049000000000	0.27718477061189	0.83457820511012
22.056000000000	0.28241579697347	0.83214189972099
22.063000000000	0.28765324883348	0.82966121549331
22.070000000000	0.29289674183474	0.82713580280904
22.077000000000	0.29814588380756	0.82456531397040
22.084000000000	0.30340027471663	0.82194940334662
22.091000000000	0.30865950661008	0.81928772752354
22.098000000000	0.31392316357074	0.81657994545627
22.105000000000	0.31919082166981	0.81382571862455
22.112000000000	0.32446204892305	0.81102471119121
22.119000000000	0.32973640524942	0.80817659016336
22.126000000000	0.33501344243255	0.80528102555659
22.133000000000	0.34029270408486	0.80233769056185
22.140000000000	0.34557372561467	0.79934626171533
22.147000000000	0.35085603419622	0.79630641907102
22.154000000000	0.35613914874293	0.79321784637608
22.161000000000	0.36142257988374	0.79008023124894
22.168000000000	0.36670582994288	0.78689326536008
22.175000000000	0.37198839292304	0.78365664461552
22.182000000000	0.37726975449214	0.78037006934289
22.189000000000	0.38254939197373	0.77703324448002
22.196000000000	0.38782677434121	0.77364587976615
22.203000000000	0.39310136221592	0.77020768993549
22.210000000000	0.39837260786932	0.76671839491326
22.217000000000	0.40363995522919	0.76317772001400
22.224000000000	0.40890283989022	0.75958539614219
22.231000000000	0.41416068912883	0.75594115999504
22.238000000000	0.41941292192256	0.75224475426740
22.245000000000	0.42465894897403	0.74849592785869
22.252000000000	0.42989817273962	0.74469443608180
22.259000000000	0.43512998746293	0.74084004087381
22.266000000000	0.44035377921323	0.73693251100853
22.273000000000	0.44556892592895	0.73297162231061
22.280000000000	0.45077479746629	0.72895715787127
22.287000000000	0.45597075565314	0.72488890826545
22.294000000000	0.46115615434838	0.72076667177030
22.301000000000	0.46633033950662	0.71659025458484
22.308000000000	0.47149264924855	0.71235947105077
22.315000000000	0.47664241393701	0.70807414387414
22.322000000000	0.48177895625879	0.70373410434793
22.329000000000	0.48690159131237	0.69933919257523
22.336000000000	0.49200962670160	0.69488925769304
22.343000000000	0.49710236263547	0.69038415809632
22.350000000000	0.50217909203403	0.68582376166243
22.357000000000	0.50723910064059	0.68120794597550
22.364000000000	0.51228166714020	0.67653659855078
22.371000000000	0.51730606328455	0.67180961705869
22.378000000000	0.52231155402339	0.66702690954845
22.385000000000	0.52729739764238	0.66218839467108
22.392000000000	0.53226284590773	0.65729400190156
22.399000000000	0.53720714421735	0.65234367176011
22.406000000000	0.54212953175878	0.64733735603211
22.413000000000	0.54702924167399	0.64227501798681
22.420000000000	0.55190550123079	0.63715663259435
22.427000000000	0.55675753200134	0.63198218674103
22.434000000000	0.56158455004738	0.62675167944252
22.441000000000	0.56638576611244	0.62146512205500
22.448000000000	0.57116038582101	0.61612253848368
22.455000000000	0.57590760988461	0.61072396538883
22.462000000000	0.58062663431485	0.60526945238884
22.469000000000	0.58531665064346	0.59975906226017
22.476000000000	0.58997684614921	0.59419287113409
22.483000000000	0.59460640409189	0.58857096868966
22.490000000000	0.59920450395302	0.58289345834308
22.497000000000	0.60377032168359	0.57716045743291
22.504000000000	0.60830302995863	0.57137209740102
22.511000000000	0.61280179843846	0.56552852396906
22.518000000000	0.61726579403681	0.55962989731008
22.525000000000	0.62169418119554	0.55367639221527
22.532000000000	0.62608612216598	0.54766819825530
22.539000000000	0.63044077729680	0.54160551993632
22.546000000000	0.63475730532832	0.53548857685004
22.553000000000	0.63903486369308	0.52931760381798
22.560000000000	0.64327260882271	0.52309285102938
22.567000000000	0.64746969646085	0.51681458417270
22.574000000000	0.65162528198207	0.51048308456033
22.581000000000	0.65573852071659	0.50409864924641
22.588000000000	0.65980856828070	0.49766159113737
22.595000000000	0.66383458091271	0.49117223909513
22.602000000000	0.66781571581427	0.48463093803249
22.609000000000	0.67175113149683	0.47803804900077
22.616000000000	0.67563998813314	0.47139394926918
22.623000000000	0.67948144791352	0.46469903239594
22.630000000000	0.68327467540674	0.45795370829072
22.637000000000	0.68701883792526	0.45115840326840
22.644000000000	0.69071310589464	0.44431356009375
22.651000000000	0.69435665322685	0.43741963801696
22.658000000000	0.69794865769724	0.43047711279969
22.665000000000	0.70148830132498	0.42348647673164
22.672000000000	0.70497477075657	0.41644823863725
22.679000000000	0.70840725765234	0.40936292387253
22.686000000000	0.71178495907547	0.40223107431166
22.693000000000	0.71510707788335	0.39505324832344
22.700000000000	0.71837282312099	0.38783002073719
22.707000000000	0.72158141041609	0.38056198279816
22.714000000000	0.72473206237557	0.37324974211219
22.721000000000	0.72782400898313	0.36589392257954
22.728000000000	0.73085648799763	0.35849516431777
22.735000000000	0.73382874535182	0.35105412357363
22.742000000000	0.73674003555118	0.34357147262368
22.749000000000	0.73958962207257	0.33604789966387
22.756000000000	0.74237677776213	0.32848410868764
22.763000000000	0.74510078523233	0.32088081935286
22.770000000000	0.74776093725760	0.31323876683721
22.777000000000	0.75035653716835	0.30555870168227
22.784000000000	0.75288689924287	0.29784138962613
22.791000000000	0.75535134909678	0.29008761142447
22.798000000000	0.75774922406971	0.28229816266036
22.805000000000	0.76007987360873	0.27447385354256
22.812000000000	0.76234265964834	0.26661550869234
22.819000000000	0.76453695698633	0.25872396691920
22.826000000000	0.76666215365541	0.25080008098508
22.833000000000	0.76871765129020	0.24284471735758
22.840000000000	0.77070286548893	0.23485875595189
22.847000000000	0.77261722616987	0.22684308986190
22.854000000000	0.77446017792181	0.21879862508033
22.861000000000	0.77623118034832	0.21072628020812
22.868000000000	0.77792970840541	0.20262698615331
22.875000000000	0.77955525273229	0.19450168581941
22.882000000000	0.78110731997474	0.18635133378355
22.889000000000	0.78258543310075	0.17817689596459
22.896000000000	0.78398913170828	0.16997934928137
22.903000000000	0.78531797232440	0.16175968130132
22.910000000000	0.78657152869591	0.15351888987966
22.917000000000	0.78774939207077	0.14525798278952
22.924000000000	0.78885117147013	0.13697797734308
22.931000000000	0.78987649395074	0.12867990000416
22.938000000000	0.79082500485722	0.12036478599246
22.945000000000	0.79169636806414	0.11203367887978
22.952000000000	0.79249026620733	0.10368763017852
22.959000000000	0.79320640090445	0.095327698922784
22.966000000000	0.79384449296431	0.086954951242406
22.973000000000	0.79440428258479	0.078570459930319
22.980000000000	0.79488552953913	0.070175304003490
22.987000000000	0.79528801335027	0.061770568257925
22.994000000000	0.79561153345318	0.053357342818022
23.001000000000	0.79585590934474	0.044936722680677
23.008000000000	0.79602098072125	0.036509807254598
23.015000000000	0.79610660760316	0.028077699895112
23.022000000000	0.79611267044696	0.019641507434993
23.029000000000	0.79603907024418	0.011202339711637
23.036000000000	0.79588572860712	0.0027613090910238
23.043000000000	0.79565258784145	-0.0056804700110484
23.050000000000	0.79533961100539	-0.014121881610142
23.057000000000	0.79494678195553	-0.022561808636207
23.064000000000	0.79447410537911	-0.030999133418127
23.071000000000	0.79392160681277	-0.039432738169302
23.078000000000	0.79328933264769	-0.047861505473777
23.085000000000	0.79257735012117	-0.056284318772594
23.092000000000	0.79178574729455	-0.064700062849768
23.099000000000	0.79091463301760	-0.073107624317607
23.106000000000	0.78996413687928	-0.081505892100776
23.113000000000	0.78893440914503	-0.089893757918785
23.120000000000	0.78782562068057	-0.098270116766413
23.127000000000	0.78663796286239	-0.10663386739159
23.134000000000	0.78537164747486	-0.11498391277039
23.141000000000	0.78402690659427	-0.12331916057866
23.148000000000	0.78260399245978	-0.13163852365980
23.155000000000	0.78110317733150	-0.13994092048841
23.162000000000	0.77952475333576	-0.14822527562930
23.169000000000	0.77786903229794	-0.15649052019144
23.176000000000	0.77613634556282	-0.16473559227650
23.183000000000	0.77432704380280	-0.17295943742160
23.190000000000	0.77244149681412	-0.18116100903582
23.197000000000	0.77048009330145	-0.18933926883020
23.204000000000	0.76844324065086	-0.19749318724070
23.211000000000	0.76633136469168	-0.20562174384401
23.218000000000	0.76414490944733	-0.21372392776557
23.225000000000	0.76188433687549	-0.22179873807979
23.232000000000	0.75955012659790	-0.22984518420186
23.239000000000	0.75714277562003	-0.23786228627102
23.246000000000	0.75466279804103	-0.24584907552494
23.253000000000	0.75211072475417	-0.25380459466492
23.260000000000	0.74948710313817	-0.26172789821165
23.267000000000	0.74679249673983	-0.26961805285128
23.274000000000	0.74402748494806	-0.27747413777155
23.281000000000	0.74119266266001	-0.28529524498771
23.288000000000	0.73828863993935	-0.29308047965810
23.295000000000	0.73531604166721	-0.30082896038916
23.302000000000	0.73227550718625	-0.30853981952957
23.309000000000	0.72916768993797	-0.31621220345356
23.316000000000	0.72599325709390	-0.32384527283305
23.323000000000	0.72275288918094	-0.33143820289858
23.330000000000	0.71944727970121	-0.33899018368879
23.337000000000	0.71607713474687	-0.34650042028857
23.344000000000	0.71264317261028	-0.35396813305547
23.351000000000	0.70914612338989	-0.36139255783450
23.358000000000	0.70558672859217	-0.36877294616127
23.365000000000	0.70196574073020	-0.37610856545321
23.372000000000	0.69828392291899	-0.38339869918908
23.379000000000	0.69454204846826	-0.39064264707658
23.386000000000	0.69074090047277	-0.39783972520805
23.393000000000	0.68688127140079	-0.40498926620445
23.400000000000	0.68296396268101	-0.41209061934735
23.407000000000	0.67898978428831	-0.41914315069918
23.414000000000	0.67495955432866	-0.42614624321175
23.421000000000	0.67087409862368	-0.43309929682298
23.428000000000	0.66673425029513	-0.44000172854206
23.435000000000	0.66254084934967	-0.44685297252303
23.442000000000	0.65829474226432	-0.45365248012685
23.449000000000	0.65399678157294	-0.46039971997225
23.456000000000	0.64964782545401	-0.46709417797515
23.463000000000	0.64524873732015	-0.47373535737717
23.470000000000	0.64080038540961	-0.48032277876298
23.477000000000	0.63630364238018	-0.48685598006701
23.484000000000	0.63175938490561	-0.49333451656933
23.491000000000	0.62716849327509	-0.49975796088118
23.498000000000	0.62253185099594	-0.50612590292004
23.505000000000	0.61785034439980	-0.51243794987471
23.512000000000	0.61312486225264	-0.51869372616034
23.519000000000	0.60835629536888	-0.52489287336379
23.526000000000	0.60354553622975	-0.53103505017940
23.533000000000	0.59869347860628	-0.53711993233554
23.540000000000	0.59380101718715	-0.54314721251191
23.547000000000	0.58886904721141	-0.54911660024817
23.554000000000	0.58389846410666	-0.55502782184379
23.561000000000	0.57889016313256	-0.56088062024950
23.568000000000	0.57384503902999	-0.56667475495073
23.575000000000	0.56876398567617	-0.57241000184295
23.582000000000	0.56364789574566	-0.57808615309947
23.589000000000	0.55849766037766	-0.58370301703182
23.596000000000	0.55331416884955	-0.58926041794289
23.603000000000	0.54809830825702	-0.59475819597331
23.610000000000	0.54285096320073	-0.60019620694106
23.617000000000	0.53757301547974	-0.60557432217477
23.624000000000	0.53226534379189	-0.61089242834088
23.631000000000	0.52692882344095	-0.61615042726499
23.638000000000	0.52156432605105	-0.62134823574751
23.645000000000	0.51617271928807	-0.62648578537410
23.652000000000	0.51075486658839	-0.63156302232099
23.659000000000	0.50531162689482	-0.63657990715545
23.666000000000	0.49984385439994	-0.64153641463176
23.673000000000	0.49435239829676	-0.64643253348289
23.680000000000	0.48883810253693	-0.65126826620813
23.687000000000	0.48330180559624	-0.65604362885693
23.694000000000	0.47774434024775	-0.66075865080925
23.701000000000	0.47216653334231	-0.66541337455255
23.708000000000	0.46656920559664	-0.67000785545589
23.715000000000	0.46095317138886	-0.67454216154105
23.722000000000	0.45531923856153	-0.67901637325129
23.729000000000	0.44966820823214	-0.68343058321770
23.736000000000	0.44400087461104	-0.68778489602343
23.743000000000	0.43831802482679	-0.69207942796618
23.750000000000	0.43262043875884	-0.69631430681898
23.757000000000	0.42690888887760	-0.70048967158963
23.764000000000	0.42118414009172	-0.70460567227883
23.771000000000	0.41544694960258	-0.70866246963751
23.778000000000	0.40969806676599	-0.71266023492320
23.785000000000	0.40393823296093	-0.71659914965599
23.792000000000	0.39816818146526	-0.72047940537400
23.799000000000	0.39238863733847	-0.72430120338871
23.806000000000	0.38660031731113	-0.72806475454032
23.813000000000	0.38080392968122	-0.73177027895324
23.820000000000	0.37500017421708	-0.73541800579196
23.827000000000	0.36918974206692	-0.73900817301747
23.834000000000	0.36337331567477	-0.74254102714437
23.841000000000	0.35755156870292	-0.74601682299877
23.848000000000	0.35172516596046	-0.74943582347733
23.855000000000	0.34589476333808	-0.75279829930727
23.862000000000	0.34006100774890	-0.75610452880791
23.869000000000	0.33422453707517	-0.75935479765339
23.876000000000	0.32838598012084	-0.76254939863721
23.883000000000	0.32254595656978	-0.76568863143826
23.890000000000	0.31670507694963	-0.76877280238880
23.897000000000	0.31086394260101	-0.77180222424433
23.904000000000	0.30502314565211	-0.77477721595544
23.911000000000	0.29918326899851	-0.77769810244195
23.918000000000	0.29334488628800	-0.78056521436917
23.925000000000	0.28750856191042	-0.78337888792655
23.932000000000	0.28167485099225	-0.78613946460880
23.939000000000	0.27584429939599	-0.78884729099945
23.946000000000	0.27001744372398	-0.79150271855708
23.953000000000	0.26419481132680	-0.79410610340419
23.960000000000	0.25837692031584	-0.79665780611883
23.967000000000	0.25256427958017	-0.79915819152900
23.974000000000	0.24675738880740	-0.80160762850997
23.981000000000	0.24095673850843	-0.80400648978451
23.988000000000	0.23516281004613	-0.80635515172607
23.995000000000	0.22937607566755	-0.80865399416505
24.002000000000	0.22359699853976	-0.81090340019804
24.009000000000	0.21782603278909	-0.81310375600027
24.016000000000	0.21206362354368	-0.81525545064116
24.023000000000	0.20631020697920	-0.81735887590303
24.030000000000	0.20056621036762	-0.81941442610304
24.037000000000	0.19483205212895	-0.82142249791835
24.044000000000	0.18910814188574	-0.82338349021450
24.051000000000	0.18339488052035	-0.82529780387712
24.058000000000	0.17769266023478	-0.82716584164683
24.065000000000	0.17200186461291	-0.82898800795753
24.072000000000	0.16632286868524	-0.83076470877785
24.079000000000	0.16065603899574	-0.83249635145605
24.086000000000	0.15500173367095	-0.83418334456813
24.093000000000	0.14936030249101	-0.83582609776924
24.100000000000	0.14373208696274	-0.83742502164839
24.107000000000	0.13811742039444	-0.83898052758651
24.114000000000	0.13251662797250	-0.84049302761769
24.121000000000	0.12693002683959	-0.84196293429375
24.128000000000	0.12135792617440	-0.84339066055203
24.135000000000	0.11580062727278	-0.84477661958648
24.142000000000	0.11025842363032	-0.84612122472185
24.149000000000	0.10473160102607	-0.84742488929119
24.156000000000	0.099220437607467	-0.84868802651646
24.163000000000	0.093725203976401	-0.84991104939234
24.170000000000	0.088246163276170	-0.85109437057309
24.177000000000	0.082783571279433	-0.85223840226259
24.184000000000	0.077337676476936	-0.85334355610741
24.191000000000	0.071908720167042	-0.85441024309291
24.198000000000	0.066496936545901	-0.85543887344236
24.205000000000	0.061102552798231	-0.85642985651905
24.212000000000	0.055725789188660	-0.85738360073130
24.219000000000	0.050366859153488	-0.85830051344043
24.226000000000	0.045025969392893	-0.85918100087155
24.233000000000	0.039703319963420	-0.86002546802718
24.240000000000	0.034399104370765	-0.86083431860374
24.247000000000	0.029113509662772	-0.86160795491069
24.254000000000	0.023846716522548	-0.86234677779248
24.261000000000	0.018598899361694	-0.86305118655310
24.268000000000	0.013370226413565	-0.86372157888332
24.275000000000	0.0081608598264858	-0.86435835079048
24.282000000000	0.0029709557569442	-0.86496189653088
24.289000000000	-0.0021993355373913	-0.86553260854467
24.296000000000	-0.0073498696047716	-0.86607087739315
24.303000000000	-0.012480507706723	-0.86657709169857
24.310000000000	-0.017591116725628	-0.86705163808629
24.317000000000	-0.022681569072624	-0.86749490112925
24.324000000000	-0.027751742595851	-0.86790726329476
24.331000000000	-0.032801520489052	-0.86828910489358
24.338000000000	-0.037830791200619	-0.86864080403110
24.345000000000	-0.042839448343074	-0.86896273656082
24.352000000000	-0.047827390603039	-0.86925527603985
24.359000000000	-0.052794521651749	-0.86951879368655
24.366000000000	-0.057740750056059	-0.86975365834015
24.373000000000	-0.062665989190110	-0.86996023642242
24.380000000000	-0.067570157147521	-0.87013889190126
24.387000000000	-0.072453176654276	-0.87028998625618
24.394000000000	-0.077314974982242	-0.87041387844568
24.401000000000	-0.082155483863373	-0.87051092487642
24.408000000000	-0.086974639404630	-0.87058147937421
24.415000000000	-0.091772382003606	-0.87062589315667
24.422000000000	-0.096548656264918	-0.87064451480765
24.429000000000	-0.10130341091737	-0.87063769025330
24.436000000000	-0.10603659873184	-0.87060576273970
24.443000000000	-0.11074817644009	-0.87054907281210
24.450000000000	-0.11543810465422	-0.87046795829574
24.457000000000	-0.12010634778711	-0.87036275427809
24.464000000000	-0.12475287397359	-0.87023379309254
24.471000000000	-0.12937765499254	-0.87008140430362
24.478000000000	-0.13398066618979	-0.86990591469346
24.485000000000	-0.13856188640195	-0.86970764824968
24.492000000000	-0.14312129788107	-0.86948692615456
24.499000000000	-0.14765888622024	-0.86924406677545
24.506000000000	-0.15217464028007	-0.86897938565650
24.513000000000	-0.15666855211606	-0.86869319551146
24.520000000000	-0.16114061690689	-0.86838580621772
24.527000000000	-0.16559083288363	-0.86805752481152
24.534000000000	-0.17001920125987	-0.86770865548414
24.541000000000	-0.17442572616279	-0.86733949957922
24.548000000000	-0.17881041456510	-0.86695035559112
24.555000000000	-0.18317327621798	-0.86654151916421
24.562000000000	-0.18751432358487	-0.86611328309324
24.569000000000	-0.19183357177629	-0.86566593732446
24.576000000000	-0.19613103848548	-0.86519976895786
24.583000000000	-0.20040674392507	-0.86471506225009
24.590000000000	-0.20466071076459	-0.86421209861834
24.597000000000	-0.20889296406897	-0.86369115664501
24.604000000000	-0.21310353123794	-0.86315251208310
24.611000000000	-0.21729244194637	-0.86259643786249
24.618000000000	-0.22145972808550	-0.86202320409681
24.625000000000	-0.22560542370509	-0.86143307809111
24.632000000000	-0.22972956495653	-0.86082632435015
24.639000000000	-0.23383219003682	-0.86020320458738
24.646000000000	-0.23791333913340	-0.85956397773456
24.653000000000	-0.24197305437002	-0.85890889995193
24.660000000000	-0.24601137975335	-0.85823822463898
24.667000000000	-0.25002836112061	-0.85755220244582
24.674000000000	-0.25402404608796	-0.85685108128503
24.681000000000	-0.25799848399986	-0.85613510634404
24.688000000000	-0.26195172587926	-0.85540452009801
24.695000000000	-0.26588382437865	-0.85465956232315
24.702000000000	-0.26979483373199	-0.85390047011055
24.709000000000	-0.27368480970745	-0.85312747788033
24.716000000000	-0.27755380956104	-0.85234081739633
24.723000000000	-0.28140189199100	-0.85154071778108
24.730000000000	-0.28522911709314	-0.85072740553120
24.737000000000	-0.28903554631684	-0.84990110453314
24.744000000000	-0.29282124242198	-0.84906203607921
24.751000000000	-0.29658626943663	-0.84821041888404
24.758000000000	-0.30033069261555	-0.84734646910117
24.765000000000	-0.30405457839940	-0.84647040034013
24.772000000000	-0.30775799437486	-0.84558242368358
24.779000000000	-0.31144100923539	-0.84468274770486
24.786000000000	-0.31510369274283	-0.84377157848568
24.793000000000	-0.31874611568970	-0.84284911963413
24.800000000000	-0.32236834986228	-0.84191557230275
24.807000000000	-0.32597046800439	-0.84097113520698
24.814000000000	-0.32955254378189	-0.84001600464363
24.821000000000	-0.33311465174796	-0.83905037450960
24.828000000000	-0.33665686730897	-0.83807443632074
24.835000000000	-0.34017926669113	-0.83708837923087
24.842000000000	-0.34368192690784	-0.83609239005090
24.849000000000	-0.34716492572762	-0.83508665326807
24.856000000000	-0.35062834164280	-0.83407135106534
24.863000000000	-0.35407225383883	-0.83304666334083
24.870000000000	-0.35749674216424	-0.83201276772738
24.877000000000	-0.36090188710124	-0.83096983961217
24.884000000000	-0.36428776973694	-0.82991805215644
24.891000000000	-0.36765447173526	-0.82885757631518
24.898000000000	-0.37100207530931	-0.82778858085700
24.905000000000	-0.37433066319452	-0.82671123238393
24.912000000000	-0.37764031862229	-0.82562569535129
24.919000000000	-0.38093112529421	-0.82453213208762
24.926000000000	-0.38420316735693	-0.82343070281455
24.933000000000	-0.38745652937748	-0.82232156566673
24.940000000000	-0.39069129631927	-0.82120487671178
24.947000000000	-0.39390755351858	-0.82008078997014
24.954000000000	-0.39710538666155	-0.81894945743503
24.961000000000	-0.40028488176179	-0.81781102909229
24.968000000000	-0.40344612513845	-0.81666565294021
24.975000000000	-0.40658920339481	-0.81551347500941
24.982000000000	-0.40971420339740	-0.81435463938255
24.989000000000	-0.41282121225560	-0.81318928821411
24.996000000000	-0.41591031730172	-0.81201756175002
25.003000000000	-0.41898160607157	-0.81083959834736
25.010000000000	-0.42203516628550	-0.80965553449384
25.017000000000	-0.42507108582992	-0.80846550482737
25.024000000000	-0.42808945273924	-0.80726964215544
25.031000000000	-0.43109035517829	-0.80606807747450
25.038000000000	-0.43407388142515	-0.80486093998923
25.045000000000	-0.43704011985444	-0.80364835713175
25.052000000000	-0.43998915892100	-0.80243045458068
25.059000000000	-0.44292108714403	-0.80120735628021
25.066000000000	-0.44583599309161	-0.79997918445898
25.073000000000	-0.44873396536560	-0.79874605964893
25.080000000000	-0.45161509258698	-0.79750810070401
25.087000000000	-0.45447946338155	-0.79626542481881
25.094000000000	-0.45732716636601	-0.79501814754708
25.101000000000	-0.46015829013441	-0.79376638282010
25.108000000000	-0.46297292324495	-0.79251024296501
25.115000000000	-0.46577115420720	-0.79124983872297
25.122000000000	-0.46855307146960	-0.78998527926724
25.129000000000	-0.47131876340730	-0.78871667222108
25.136000000000	-0.47406831831043	-0.78744412367564
25.143000000000	-0.47680182437256	-0.78616773820759
25.150000000000	-0.47951936967965	-0.78488761889674
25.157000000000	-0.48222104219912	-0.78360386734347
25.164000000000	-0.48490692976945	-0.78231658368605
25.171000000000	-0.48757712008990	-0.78102586661784
25.178000000000	-0.49023170071061	-0.77973181340434
25.185000000000	-0.49287075902301	-0.77843451990013
25.192000000000	-0.49549438225049	-0.77713408056566
25.199000000000	-0.49810265743933	-0.77583058848388
25.206000000000	-0.50069567144993	-0.77452413537684
25.213000000000	-0.50327351094834	-0.77321481162198
25.220000000000	-0.50583626239799	-0.77190270626848
25.227000000000	-0.50838401205170	-0.77058790705328
25.234000000000	-0.51091684594399	-0.76927050041715
25.241000000000	-0.51343484988357	-0.76795057152044
25.248000000000	-0.51593810944609	-0.76662820425884
25.255000000000	-0.51842670996718	-0.76530348127890
25.262000000000	-0.52090073653565	-0.76397648399346
25.269000000000	-0.52336027398696	-0.76264729259692
25.276000000000	-0.52580540689686	-0.76131598608040
25.283000000000	-0.52823621957536	-0.75998264224670
25.290000000000	-0.53065279606076	-0.75864733772516
25.297000000000	-0.53305522011404	-0.75731014798639
25.304000000000	-0.53544357521332	-0.75597114735683
25.311000000000	-0.53781794454859	-0.75463040903318
25.318000000000	-0.54017841101665	-0.75328800509667
25.325000000000	-0.54252505721620	-0.75194400652725
25.332000000000	-0.54485796544310	-0.75059848321757
25.339000000000	-0.54717721768587	-0.74925150398683
25.346000000000	-0.54948289562133	-0.74790313659455
25.353000000000	-0.55177508061042	-0.74655344775412
25.360000000000	-0.55405385369416	-0.74520250314628
25.367000000000	-0.55631929558984	-0.74385036743240
25.374000000000	-0.55857148668735	-0.74249710426764
25.381000000000	-0.56081050704557	-0.74114277631406
25.388000000000	-0.56303643638909	-0.73978744525340
25.395000000000	-0.56524935410494	-0.73843117179994
25.402000000000	-0.56744933923951	-0.73707401571306
25.409000000000	-0.56963647049564	-0.73571603580975
25.416000000000	-0.57181082622980	-0.73435728997698
25.423000000000	-0.57397248444946	-0.73299783518387
25.430000000000	-0.57612152281056	-0.73163772749380
25.437000000000	-0.57825801861509	-0.73027702207637
25.444000000000	-0.58038204880886	-0.72891577321921
25.451000000000	-0.58249368997933	-0.72755403433966
25.458000000000	-0.58459301835361	-0.72619185799634
25.465000000000	-0.58668010979651	-0.72482929590054
25.472000000000	-0.58875503980882	-0.72346639892759
25.479000000000	-0.59081788352558	-0.72210321712794
25.486000000000	-0.59286871571451	-0.72073979973829
25.493000000000	-0.59490761077458	-0.71937619519243
25.500000000000	-0.59693464273460	-0.71801245113206
25.507000000000	-0.59894988525203	-0.71664861441750
25.514000000000	-0.60095341161176	-0.71528473113813
25.521000000000	-0.60294529472506	-0.71392084662292
25.528000000000	-0.60492560712862	-0.71255700545065
25.535000000000	-0.60689442098367	-0.71119325146011
25.542000000000	-0.60885180807517	-0.70982962776017
25.549000000000	-0.61079783981112	-0.70846617673969
25.556000000000	-0.61273258722193	-0.70710294007736
25.563000000000	-0.61465612095987	-0.70573995875139
25.570000000000	-0.61656851129864	-0.70437727304911
25.577000000000	-0.61846982813295	-0.70301492257641
25.584000000000	-0.62036014097823	-0.70165294626714
25.591000000000	-0.62223951897037	-0.70029138239232
25.598000000000	-0.62410803086560	-0.69893026856926
25.605000000000	-0.62596574504034	-0.69756964177065
25.612000000000	-0.62781272949123	-0.69620953833336
25.619000000000	-0.62964905183509	-0.69484999396734
25.626000000000	-0.63147477930909	-0.69349104376426
25.633000000000	-0.63328997877088	-0.69213272220612
25.640000000000	-0.63509471669879	-0.69077506317369
25.647000000000	-0.63688905919216	-0.68941809995493
25.654000000000	-0.63867307197161	-0.68806186525325
25.661000000000	-0.64044682037951	-0.68670639119565
25.668000000000	-0.64221036938032	-0.68535170934080
25.675000000000	-0.64396378356119	-0.68399785068702
25.682000000000	-0.64570712713243	-0.68264484568013
25.689000000000	-0.64744046392812	-0.68129272422120
25.696000000000	-0.64916385740677	-0.67994151567424
25.703000000000	-0.65087737065197	-0.67859124887377
25.710000000000	-0.65258106637314	-0.67724195213227
25.717000000000	-0.65427500690632	-0.67589365324759
25.724000000000	-0.65595925421492	-0.67454637951019
25.731000000000	-0.65763386989065	-0.67320015771038
25.738000000000	-0.65929891515434	-0.67185501414540
25.745000000000	-0.66095445085692	-0.67051097462641
25.752000000000	-0.66260053748036	-0.66916806448545
25.759000000000	-0.66423723513865	-0.66782630858222
25.766000000000	-0.66586460357890	-0.66648573131085
25.773000000000	-0.66748270218231	-0.66514635660656
25.780000000000	-0.66909158996536	-0.66380820795221
25.787000000000	-0.67069132558088	-0.66247130838478
25.794000000000	-0.67228196731920	-0.66113568050179
25.801000000000	-0.67386357310939	-0.65980134646759
25.808000000000	-0.67543620052043	-0.65846832801960
25.815000000000	-0.67699990676243	-0.65713664647447
25.822000000000	-0.67855474868796	-0.65580632273414
25.829000000000	-0.68010078279327	-0.65447737729184
25.836000000000	-0.68163806521964	-0.65314983023797
25.843000000000	-0.68316665175469	-0.65182370126599
25.850000000000	-0.68468659783376	-0.65049900967812
25.857000000000	-0.68619795854128	-0.64917577439105
25.864000000000	-0.68770078861215	-0.64785401394154
25.871000000000	-0.68919514243315	-0.64653374649195
25.878000000000	-0.69068107404442	-0.64521498983569
25.885000000000	-0.69215863714085	-0.64389776140263
25.892000000000	-0.69362788507358	-0.64258207826438
25.899000000000	-0.69508887085149	-0.64126795713954
25.906000000000	-0.69654164714269	-0.63995541439890
25.913000000000	-0.69798626627599	-0.63864446607051
25.920000000000	-0.69942278024252	-0.63733512784473
25.927000000000	-0.70085124069719	-0.63602741507919
25.934000000000	-0.70227169896026	-0.63472134280369
25.941000000000	-0.70368420601893	-0.63341692572504
25.948000000000	-0.70508881252888	-0.63211417823184
25.955000000000	-0.70648556881591	-0.63081311439917
25.962000000000	-0.70787452487745	-0.62951374799321
25.969000000000	-0.70925573038427	-0.62821609247586
25.976000000000	-0.71062923468200	-0.62692016100925
25.983000000000	-0.71199508679282	-0.62562596646017
25.990000000000	-0.71335333541704	-0.62433352140446
25.997000000000	-0.71470402893480	-0.62304283813141
26.000000000000	-0.71528059671910	-0.62249023046383
26.004000000000	-0.71604721540764	-0.62175392864795
26.011000000000	-0.71738294258021	-0.62046680468292
26.018000000000	-0.71871125788191	-0.61918147769123
26.025000000000	-0.72003220842853	-0.61789795885794
26.032000000000	-0.72134584102396	-0.61661625910233
26.039000000000	-0.72265220216183	-0.61533638908186
26.046000000000	-0.72395133802719	-0.61405835919615
26.053000000000	-0.72524329449820	-0.61278217959084
26.060000000000	-0.72652811714779	-0.61150786016142
26.067000000000	-0.72780585124540	-0.61023541055701
26.074000000000	-0.72907654175861	-0.60896484018408
26.081000000000	-0.73034023335484	-0.60769615821014
26.088000000000	-0.73159697040306	-0.60642937356735
26.095000000000	-0.73284679697551	-0.60516449495610
26.102000000000	-0.73408975684932	-0.60390153084853
26.109000000000	-0.73532589350827	-0.60264048949200
26.116000000000	-0.73655525014447	-0.60138137891254
26.123000000000	-0.73777786966001	-0.60012420691820
26.130000000000	-0.73899379466875	-0.59886898110241
26.137000000000	-0.74020306749792	-0.59761570884724
26.144000000000	-0.74140573018987	-0.59636439732666
26.151000000000	-0.74260182450376	-0.59511505350975
26.158000000000	-0.74379139191721	-0.59386768416382
26.165000000000	-0.74497447362804	-0.59262229585751
26.172000000000	-0.74615111055595	-0.59137889496392
26.179000000000	-0.74732134334417	-0.59013748766355
26.186000000000	-0.74848521236118	-0.58889807994733
26.193000000000	-0.74964275770239	-0.58766067761955
26.200000000000	-0.75079401919181	-0.58642528630075
26.207000000000	-0.75193903638371	-0.58519191143056
26.214000000000	-0.75307784856433	-0.58396055827055
26.221000000000	-0.75421049475351	-0.58273123190698
26.228000000000	-0.75533701370640	-0.58150393725356
26.235000000000	-0.75645744391507	-0.58027867905413
26.242000000000	-0.75757182361021	-0.57905546188531
26.249000000000	-0.75868019076277	-0.57783429015917
26.256000000000	-0.75978258308561	-0.57661516812577
26.263000000000	-0.76087903803513	-0.57539809987573
26.270000000000	-0.76196959281295	-0.57418308934273
26.277000000000	-0.76305428436750	-0.57297014030602
26.284000000000	-0.76413314939568	-0.57175925639284
26.291000000000	-0.76520622434449	-0.57055044108082
26.298000000000	-0.76627354541263	-0.56934369770038
26.305000000000	-0.76733514855212	-0.56813902943704
26.312000000000	-0.76839106946993	-0.56693643933377
26.319000000000	-0.76944134362957	-0.56573593029323
26.326000000000	-0.77048600625269	-0.56453750508002
26.333000000000	-0.77152509232066	-0.56334116632290
26.340000000000	-0.77255863657619	-0.56214691651695
26.347000000000	-0.77358667352489	-0.56095475802576
26.354000000000	-0.77460923743684	-0.55976469308350
26.361000000000	-0.77562636234819	-0.55857672379702
26.368000000000	-0.77663808206269	-0.55739085214794
26.375000000000	-0.77764443015325	-0.55620707999462
26.382000000000	-0.77864543996352	-0.55502540907422
26.389000000000	-0.77964114460940	-0.55384584100463
26.396000000000	-0.78063157698060	-0.55266837728641
26.403000000000	-0.78161676974217	-0.55149301930474
26.410000000000	-0.78259675533601	-0.55031976833126
26.417000000000	-0.78357156598240	-0.54914862552598
26.424000000000	-0.78454123368150	-0.54797959193906
26.431000000000	-0.78550579021488	-0.54681266851266
26.438000000000	-0.78646526714698	-0.54564785608268
26.445000000000	-0.78741969582663	-0.54448515538057
26.452000000000	-0.78836910738853	-0.54332456703498
26.459000000000	-0.78931353275471	-0.54216609157353
26.466000000000	-0.79025300263602	-0.54100972942449
26.473000000000	-0.79118754753358	-0.53985548091835
26.480000000000	-0.79211719774023	-0.53870334628958
26.487000000000	-0.79304198334200	-0.53755332567812
26.494000000000	-0.79396193421953	-0.53640541913102
26.500000000000	-0.79474663799825	-0.53542318182504
26.501000000000	-0.79487708004952	-0.53525962660400
26.508000000000	-0.79578745030614	-0.53411594796298
26.515000000000	-0.79669307426248	-0.53297438298557
26.522000000000	-0.79759398099193	-0.53183493136261
26.529000000000	-0.79849019936959	-0.53069759269960
26.536000000000	-0.79938175807370	-0.52956236651817
26.543000000000	-0.80026868558698	-0.52842925225749
26.550000000000	-0.80115101019808	-0.52729824927570
26.557000000000	-0.80202876000288	-0.52616935685126
26.564000000000	-0.80290196290592	-0.52504257418436
26.571000000000	-0.80377064662176	-0.52391790039823
26.578000000000	-0.80463483867628	-0.52279533454046
26.585000000000	-0.80549456640809	-0.52167487558434
26.592000000000	-0.80634985696985	-0.52055652243011
26.599000000000	-0.80720073732959	-0.51944027390625
26.606000000000	-0.80804723427206	-0.51832612877069
26.613000000000	-0.80888937440003	-0.51721408571210
26.620000000000	-0.80972718413562	-0.51610414335102
26.627000000000	-0.81056068972159	-0.51499630024111
26.634000000000	-0.81138991722266	-0.51389055487033
26.641000000000	-0.81221489252679	-0.51278690566201
26.648000000000	-0.81303564134646	-0.51168535097609
26.655000000000	-0.81385218921996	-0.51058588911019
26.662000000000	-0.81466456151265	-0.50948851830068
26.669000000000	-0.81547278341824	-0.50839323672385
26.676000000000	-0.81627687996005	-0.50730004249687
26.683000000000	-0.81707687599223	-0.50620893367895
26.690000000000	-0.81787279620106	-0.50511990827229
26.697000000000	-0.81866466510615	-0.50403296422314
26.704000000000	-0.81945250706166	-0.50294809942278
26.711000000000	-0.82023634625759	-0.50186531170853
26.718000000000	-0.82101620672092	-0.50078459886469
26.725000000000	-0.82179211231690	-0.49970595862353
26.732000000000	-0.82256408675021	-0.49862938866618
26.739000000000	-0.82333215356616	-0.49755488662359
26.746000000000	-0.82409633615192	-0.49648245007743
26.753000000000	-0.82485665773770	-0.49541207656097
26.760000000000	-0.82561314139793	-0.49434376355997
26.767000000000	-0.82636581005242	-0.49327750851353
26.774000000000	-0.82711468646757	-0.49221330881495
26.781000000000	-0.82785979325753	-0.49115116181253
26.788000000000	-0.82860115288535	-0.49009106481043
26.795000000000	-0.82933878766416	-0.48903301506945
26.802000000000	-0.83007271975829	-0.48797700980781
26.809000000000	-0.83080297118449	-0.48692304620194
26.816000000000	-0.83152956381298	-0.48587112138723
26.823000000000	-0.83225251936868	-0.48482123245876
26.830000000000	-0.83297185943230	-0.48377337647206
26.837000000000	-0.83368760544148	-0.48272755044380
26.844000000000	-0.83439977869193	-0.48168375135249
26.851000000000	-0.83510840033855	-0.48064197613918
26.858000000000	-0.83581349139656	-0.47960222170812
26.865000000000	-0.83651507274263	-0.47856448492741
26.872000000000	-0.83721316511596	-0.47752876262968
26.879000000000	-0.83790778911944	-0.47649505161264
26.886000000000	-0.83859896522074	-0.47546334863977
26.893000000000	-0.83928671375345	-0.47443365044088
26.900000000000	-0.83997105491815	-0.47340595371267
26.907000000000	-0.84065200878354	-0.47238025511934
26.914000000000	-0.84132959528757	-0.47135655129312
26.921000000000	-0.84200383423853	-0.47033483883477
26.928000000000	-0.84267474531614	-0.46931511431417
26.935000000000	-0.84334234807271	-0.46829737427072
26.942000000000	-0.84400666193422	-0.46728161521394
26.949000000000	-0.84466770620141	-0.46626783362382
26.956000000000	-0.84532550005098	-0.46525602595136
26.963000000000	-0.84598006253660	-0.46424618861892
26.970000000000	-0.84663141259013	-0.46323831802070
26.977000000000	-0.84727956902269	-0.46223241052309
26.984000000000	-0.84792455052580	-0.46122846246501
26.991000000000	-0.84856637567254	-0.46022647015834
26.998000000000	-0.84920506291869	-0.45922642988816
27.000000000000	-0.84938697120928	-0.45894106211107
27.005000000000	-0.84984063060385	-0.45822833791309
27.012000000000	-0.85047309695266	-0.45723219046559
27.019000000000	-0.85110248007590	-0.45623798375215
27.026000000000	-0.85172879797176	-0.45524571395355
27.033000000000	-0.85235206852693	-0.45425537722507
27.040000000000	-0.85297230951790	-0.45326696969662
27.047000000000	-0.85358953861214	-0.45228048747290
27.054000000000	-0.85420377336932	-0.45129592663347
27.061000000000	-0.85481503124261	-0.45031328323285
27.068000000000	-0.85542332957993	-0.44933255330050
27.075000000000	-0.85602868562525	-0.44835373284084
27.082000000000	-0.85663111651990	-0.44737681783317
27.089000000000	-0.85723063930396	-0.44640180423154
27.096000000000	-0.85782727091756	-0.44542868796464
27.103000000000	-0.85842102820236	-0.44445746493551
27.110000000000	-0.85901192790293	-0.44348813102133
27.117000000000	-0.85959998666828	-0.44252068207303
27.124000000000	-0.86018522105330	-0.44155511391488
27.131000000000	-0.86076764752040	-0.44059142234403
27.138000000000	-0.86134728244102	-0.43962960312988
27.145000000000	-0.86192414209738	-0.43866965201344
27.152000000000	-0.86249824268412	-0.43771156470658
27.159000000000	-0.86306960031008	-0.43675533689108
27.166000000000	-0.86363823100013	-0.43580096421770
27.173000000000	-0.86420415069711	-0.43484844230497
27.180000000000	-0.86476737526374	-0.43389776673796
27.187000000000	-0.86532792048473	-0.43294893306678
27.194000000000	-0.86588580206890	-0.43200193680500
27.201000000000	-0.86644103565145	-0.43105677342774
27.208000000000	-0.86699363679625	-0.43011343836967
27.215000000000	-0.86754362099838	-0.42917192702266
27.222000000000	-0.86809100368662	-0.42823223473324
27.229000000000	-0.86863580022622	-0.42729435679964
27.236000000000	-0.86917802592174	-0.42635828846858
27.243000000000	-0.86971769602002	-0.42542402493164
27.250000000000	-0.87025482571336	-0.42449156132117
27.257000000000	-0.87078943014284	-0.42356089270570
27.264000000000	-0.87132152440187	-0.42263201408488
27.271000000000	-0.87185112353984	-0.42170492038368
27.278000000000	-0.87237824256610	-0.42077960644597
27.285000000000	-0.87290289645406	-0.41985606702722
27.292000000000	-0.87342510014558	-0.41893429678638
27.299000000000	-0.87394486855555	-0.41801429027664
27.306000000000	-0.87446221657674	-0.41709604193504
27.313000000000	-0.87497715908492	-0.41617954607075
27.320000000000	-0.87548971094417	-0.41526479685178
27.327000000000	-0.87599988701246	-0.41435178828992
27.334000000000	-0.87650770214745	-0.41344051422365
27.341000000000	-0.87701317121246	-0.41253096829872
27.348000000000	-0.87751630908261	-0.41162314394598
27.355000000000	-0.87801713065100	-0.41071703435618
27.362000000000	-0.87851565083489	-0.40981263245103
27.369000000000	-0.87901188458168	-0.40890993085013
27.376000000000	-0.87950584687461	-0.40800892183303
27.383000000000	-0.87999755273773	-0.40710959729554
27.390000000000	-0.88048701724006	-0.40621194869939
27.397000000000	-0.88097425549818	-0.40531596701415
27.404000000000	-0.88145928267686	-0.40442164265002
27.411000000000	-0.88194211398673	-0.40352896537983
27.418000000000	-0.88242276467802	-0.40263792424859
27.425000000000	-0.88290125002876	-0.40174850746806
27.432000000000	-0.88337758532552	-0.40086070229401
27.439000000000	-0.88385178583415	-0.39997449488279
27.446000000000	-0.88432386675688	-0.39908987012373
27.453000000000	-0.88479384317128	-0.39820681144295
27.460000000000	-0.88526172994477	-0.39732530057365
27.467000000000	-0.88572754161656	-0.39644531728712
27.474000000000	-0.88619129223570	-0.39556683907806
27.481000000000	-0.88665299514072	-0.39468984079688
27.488000000000	-0.88711266266078	-0.39381429422187
27.495000000000	-0.88757030571179	-0.39294016756350
27.502000000000	-0.88802593325182	-0.39206742489518
27.509000000000	-0.88847955154802	-0.39119602550724
27.516000000000	-0.88893116319143	-0.39032592318771
27.523000000000	-0.88938076577528	-0.38945706544484
27.530000000000	-0.88982835012586	-0.38858939270670
27.537000000000	-0.89027389794275	-0.38772283756785
27.544000000000	-0.89071737866725	-0.38685732420918
27.551000000000	-0.89115874535947	-0.38599276820774
27.558000000000	-0.89159792933533	-0.38512907709489
27.565000000000	-0.89203483331805	-0.38426615223503
27.572000000000	-0.89246932294052	-0.38340389290912
27.579000000000	-0.89290121667745	-0.38254220391143
27.586000000000	-0.89333027483058	-0.38168100848708
27.593000000000	-0.89375618924484	-0.38082026893664
27.600000000000	-0.89417857725320	-0.37996001737527
27.607000000000	-0.89459698609485	-0.37910039827588
27.614000000000	-0.89501091742210	-0.37824172137329
27.621000000000	-0.89541988400805	-0.37738451678007
27.628000000000	-0.89582350881868	-0.37652957309920
27.635000000000	-0.89622166469904	-0.37567792672164
27.642000000000	-0.89661462719110	-0.37483076596114
27.649000000000	-0.89700317996452	-0.37398923258454
27.656000000000	-0.89738859648653	-0.37315415389851
27.663000000000	-0.89777245455182	-0.37232580016052
27.670000000000	-0.89815632401049	-0.37150378291605
27.677000000000	-0.89854144854260	-0.37068715232064
27.684000000000	-0.89892854956339	-0.36987464684885
27.691000000000	-0.89931780571251	-0.36906497848642
27.698000000000	-0.89970896954574	-0.36825704737642
27.705000000000	-0.90010153918122	-0.36745004352855
27.712000000000	-0.90049491524428	-0.36664345215402
27.719000000000	-0.90088851021585	-0.36583700386791
27.726000000000	-0.90128180799524	-0.36503060708794
27.733000000000	-0.90167438614046	-0.36422428517085
27.740000000000	-0.90206591560104	-0.36341812741638
27.747000000000	-0.90245614951978	-0.36261225494773
27.754000000000	-0.90284490839846	-0.36180679894068
27.761000000000	-0.90323206550607	-0.36100188784560
27.768000000000	-0.90361753421261	-0.36019764062695
27.775000000000	-0.90400125771675	-0.35939416377474
27.782000000000	-0.90438320105098	-0.35859155054135
27.789000000000	-0.90476334502252	-0.35778988140107
27.796000000000	-0.90514168170209	-0.35698922511364
27.803000000000	-0.90551821110637	-0.35618964002629
27.810000000000	-0.90589293877970	-0.35539117540939
27.817000000000	-0.90626587404343	-0.35459387271851
27.824000000000	-0.90663702873597	-0.35379776673432
27.831000000000	-0.90700641631108	-0.35300288656361
27.838000000000	-0.90737405119663	-0.35220925650339
27.845000000000	-0.90773994834206	-0.35141689677829
27.852000000000	-0.90810412290208	-0.35062582416531
27.859000000000	-0.90846659001870	-0.34983605252075
27.866000000000	-0.90882736467396	-0.34904759322350
27.873000000000	-0.90918646159318	-0.34826045554763
27.880000000000	-0.90954389518451	-0.34747464697518
27.887000000000	-0.90989967950382	-0.34669017345942
27.894000000000	-0.91025382823776	-0.34590703964613
27.901000000000	-0.91060635469934	-0.34512524906025
27.908000000000	-0.91095727183184	-0.34434480426349
27.915000000000	-0.91130659221852	-0.34356570698754
27.922000000000	-0.91165432809596	-0.34278795824714
27.929000000000	-0.91200049136941	-0.34201155843620
27.936000000000	-0.91234509362940	-0.34123650740953
27.943000000000	-0.91268814616866	-0.34046280455272
27.950000000000	-0.91302965999897	-0.33969044884197
27.957000000000	-0.91336964586754	-0.33891943889532
27.964000000000	-0.91370811427281	-0.33814977301683
27.971000000000	-0.91404507547939	-0.33738144923447
27.978000000000	-0.91438053953217	-0.33661446533311
27.985000000000	-0.91471451626959	-0.33584881888283
27.992000000000	-0.91504701533596	-0.33508450726364
27.999000000000	-0.91537804619300	-0.33432152768692
28.006000000000	-0.91570761813047	-0.33355987721409
28.013000000000	-0.91603574027601	-0.33279955277296
28.020000000000	-0.91636242160441	-0.33204055117196
28.027000000000	-0.91668767094589	-0.33128286911271
28.034000000000	-0.91701149699403	-0.33052650320087
28.041000000000	-0.91733390831290	-0.32977144995593
28.048000000000	-0.91765491334371	-0.32901770581965
28.055000000000	-0.91797452041096	-0.32826526716352
28.062000000000	-0.91829273772812	-0.32751413029544
28.069000000000	-0.91860957340282	-0.32676429146553
28.076000000000	-0.91892503544168	-0.32601574687139
28.083000000000	-0.91923913175486	-0.32526849266258
28.090000000000	-0.91955187016007	-0.32452252494477
28.097000000000	-0.91986325838650	-0.32377783978334
28.104000000000	-0.92017330407833	-0.32303443320660
28.111000000000	-0.92048201479797	-0.32229230120864
28.118000000000	-0.92078939802917	-0.32155143975188
28.125000000000	-0.92109546117981	-0.32081184476927
28.132000000000	-0.92140021158455	-0.32007351216639
28.139000000000	-0.92170365650724	-0.31933643782318
28.146000000000	-0.92200580314326	-0.31860061759549
28.153000000000	-0.92230665862155	-0.31786604731657
28.160000000000	-0.92260623000663	-0.31713272279824
28.167000000000	-0.92290452430045	-0.31640063983199
28.174000000000	-0.92320154844409	-0.31566979419002
28.181000000000	-0.92349730931935	-0.31494018162600
28.188000000000	-0.92379181375029	-0.31421179787586
28.195000000000	-0.92408506850459	-0.31348463865848
28.202000000000	-0.92437708029488	-0.31275869967614
28.209000000000	-0.92466785577997	-0.31203397661511
28.216000000000	-0.92495740156601	-0.31131046514601
28.223000000000	-0.92524572420754	-0.31058816092417
28.230000000000	-0.92553283020852	-0.30986705958988
28.237000000000	-0.92581872602331	-0.30914715676864
28.244000000000	-0.92610341805750	-0.30842844807136
28.251000000000	-0.92638691266875	-0.30771092909443
28.258000000000	-0.92666921616766	-0.30699459541986
28.265000000000	-0.92695033481838	-0.30627944261525
28.272000000000	-0.92723027483942	-0.30556546623388
28.279000000000	-0.92750904240418	-0.30485266181463
28.286000000000	-0.92778664364166	-0.30414102488188
28.293000000000	-0.92806308463695	-0.30343055094551
28.300000000000	-0.92833837143184	-0.30272123550066
28.307000000000	-0.92861251002523	-0.30201307402766
28.314000000000	-0.92888550637364	-0.30130606199183
28.321000000000	-0.92915736639166	-0.30060019484323
28.328000000000	-0.92942809595234	-0.29989546801646
28.335000000000	-0.92969770088752	-0.29919187693046
28.342000000000	-0.92996618698822	-0.29848941698811
28.349000000000	-0.93023356000500	-0.29778808357602
28.356000000000	-0.93049982564813	-0.29708787206421
28.363000000000	-0.93076498958799	-0.29638877780573
28.370000000000	-0.93102905745524	-0.29569079613633
28.377000000000	-0.93129203484105	-0.29499392237405
28.384000000000	-0.93155392729730	-0.29429815181887
28.391000000000	-0.93181474033680	-0.29360347975224
28.398000000000	-0.93207447943334	-0.29290990143670
28.405000000000	-0.93233315002194	-0.29221741211535
28.412000000000	-0.93259075749883	-0.29152600701148
28.419000000000	-0.93284730722168	-0.29083568132798
28.426000000000	-0.93310280450953	-0.29014643024691
28.433000000000	-0.93335725464292	-0.28945824892893
28.440000000000	-0.93361066286388	-0.28877113251277
28.447000000000	-0.93386303437592	-0.28808507611468
28.454000000000	-0.93411437434406	-0.28740007482783
28.461000000000	-0.93436468789470	-0.28671612372177
28.468000000000	-0.93461398011564	-0.28603321784172
28.475000000000	-0.93486225605594	-0.28535135220805
28.482000000000	-0.93510952072586	-0.28467052181551
28.489000000000	-0.93535577909666	-0.28399072163271
28.496000000000	-0.93560103610052	-0.28331194660129
28.503000000000	-0.93584529663029	-0.28263419163531
28.510000000000	-0.93608856553934	-0.28195745162048
28.517000000000	-0.93633084764134	-0.28128172141346
28.524000000000	-0.93657214770995	-0.28060699584104
28.531000000000	-0.93681247047860	-0.27993326969944
28.538000000000	-0.93705182064016	-0.27926053775339
28.545000000000	-0.93729020284662	-0.27858879473549
28.552000000000	-0.93752762170873	-0.27791803534516
28.559000000000	-0.93776408179562	-0.27724825424793
28.566000000000	-0.93799958763439	-0.27657944607453
28.573000000000	-0.93823414370961	-0.27591160541993
28.580000000000	-0.93846775446295	-0.27524472684247
28.587000000000	-0.93870042429258	-0.27457880486291
28.594000000000	-0.93893215755266	-0.27391383396343
28.601000000000	-0.93916295855277	-0.27324980858667
28.608000000000	-0.93939283155733	-0.27258672313472
28.615000000000	-0.93962178078486	-0.27192457196805
28.622000000000	-0.93984981040741	-0.27126334940446
28.629000000000	-0.94007692454975	-0.27060304971808
28.636000000000	-0.94030312728866	-0.26994366713810
28.643000000000	-0.94052842265209	-0.26928519584778
28.650000000000	-0.94075281461832	-0.26862762998323
28.657000000000	-0.94097630711509	-0.26797096363225
28.664000000000	-0.94119890401861	-0.26731519083312
28.671000000000	-0.94142060915261	-0.26666030557331
28.678000000000	-0.94164142628727	-0.26600630178835
28.685000000000	-0.94186135913816	-0.26535317336041
28.692000000000	-0.94208041136508	-0.26470091411705
28.699000000000	-0.94229858657079	-0.26404951782992
28.706000000000	-0.94251588829987	-0.26339897821330
28.713000000000	-0.94273232003729	-0.26274928892278
28.720000000000	-0.94294788520706	-0.26210044355381
28.727000000000	-0.94316258717078	-0.26145243564030
28.734000000000	-0.94337642922609	-0.26080525865303
28.741000000000	-0.94358941460511	-0.26015890599828
28.748000000000	-0.94380154647272	-0.25951337101620
28.755000000000	-0.94401282792485	-0.25886864697931
28.762000000000	-0.94422326198664	-0.25822472709088
28.769000000000	-0.94443285161052	-0.25758160448332
28.776000000000	-0.94464159967419	-0.25693927221654
28.783000000000	-0.94484950897856	-0.25629772327627
28.790000000000	-0.94505658224553	-0.25565695057238
28.797000000000	-0.94526282211572	-0.25501694693712
28.804000000000	-0.94546823114606	-0.25437770512341
28.811000000000	-0.94567281180731	-0.25373921780303
28.818000000000	-0.94587656648144	-0.25310147756482
28.825000000000	-0.94607949745887	-0.25246447691283
28.832000000000	-0.94628160693567	-0.25182820826454
28.839000000000	-0.94648289701055	-0.25119266394888
28.846000000000	-0.94668336968174	-0.25055783620439
28.853000000000	-0.94688302684379	-0.24992371717732
28.860000000000	-0.94708187028411	-0.24929029891961
28.867000000000	-0.94727990167948	-0.24865757338702
28.874000000000	-0.94747712259233	-0.24802553243709
28.881000000000	-0.94767353446690	-0.24739416782716
28.888000000000	-0.94786913862516	-0.24676347121240
28.895000000000	-0.94806393626270	-0.24613343414377
28.902000000000	-0.94825792844421	-0.24550404806600
28.909000000000	-0.94845111609904	-0.24487530431555
28.916000000000	-0.94864350001629	-0.24424719411862
28.923000000000	-0.94883508083994	-0.24361970858909
28.930000000000	-0.94902585906354	-0.24299283872653
28.937000000000	-0.94921583502485	-0.24236657541414
28.944000000000	-0.94940500890017	-0.24174090941680
28.951000000000	-0.94959338069840	-0.24111583137906
28.958000000000	-0.94978095025488	-0.24049133182321
28.965000000000	-0.94996771722502	-0.23986740114734
28.972000000000	-0.95015368107750	-0.23924402962345
28.979000000000	-0.95033884108737	-0.23862120739562
28.986000000000	-0.95052319632871	-0.23799892447821
28.993000000000	-0.95070674566702	-0.23737717075412
29.000000000000	-0.95088948775136	-0.23675593597313
