#Parameters = {L=6; d=0.018; h=0.508; h_air=12; w=2.75}
#"Frequency / GHz"	"SZmax(1),Zmax(1) [Real/Imaginary Part] [Re]"	"SZmax(1),Zmax(1) [Real/Imaginary Part] [Im]"
#-------------------------------------------------------------------------------------------------------------
20.000000000000	-0.83284834229745	0.54858640279360
20.010000000000	-0.83238896310183	0.54926205693455
20.020000000000	-0.83192757374552	0.54993941313618
20.030000000000	-0.83146416140577	0.55061847945762
20.040000000000	-0.83099871318518	0.55129926409444
20.050000000000	-0.83053121610111	0.55198177539909
20.060000000000	-0.83006165706918	0.55266602190281
20.070000000000	-0.82959002287943	0.55335201233768
20.080000000000	-0.82911630016377	0.55403975565697
20.090000000000	-0.82864047535355	0.55472926105085
20.100000000000	-0.82816253462701	0.55542053795373
20.110000000000	-0.82768246384756	0.55611359603868
20.120000000000	-0.82720024849596	0.55680844519372
20.130000000000	-0.82671587360168	0.55750509547564
20.140000000000	-0.82622932368163	0.55820355703808
20.150000000000	-0.82574058269650	0.55890384003399
20.156250000000	-0.82543399957348	0.55934244632034
20.160000000000	-0.82524963403630	0.55960595449711
20.170000000000	-0.82475646054496	0.56030991021241
20.180000000000	-0.82426104459044	0.56101571659076
20.190000000000	-0.82376336817938	0.56172338256614
20.200000000000	-0.82326341310726	0.56243291653343
20.210000000000	-0.82276116112687	0.56314432634013
20.220000000000	-0.82225659411273	0.56385761933664
20.230000000000	-0.82174969419898	0.56457280247986
20.240000000000	-0.82124044387251	0.56528988247495
20.250000000000	-0.82072882601227	0.56600886593494
20.260000000000	-0.82021482387479	0.56672975953667
20.270000000000	-0.81969842103492	0.56745257015524
20.280000000000	-0.81917960129548	0.56817730496573
20.290000000000	-0.81865834858137	0.56890397150823
20.300000000000	-0.81813464683135	0.56963257771824
20.310000000000	-0.81760847989776	0.57036313192878
20.312500000000	-0.81747655107170	0.57054607586957
20.320000000000	-0.81707983145945	0.57109564285245
20.330000000000	-0.81654868494986	0.57183011955152
20.340000000000	-0.81601502349872	0.57256657140336
20.350000000000	-0.81547882988399	0.57330500806662
20.360000000000	-0.81494008648885	0.57404543945201
20.370000000000	-0.81439877525762	0.57478787569996
20.380000000000	-0.81385487764318	0.57553232716620
20.390000000000	-0.81330837453623	0.57627880441504
20.400000000000	-0.81275924616345	0.57702731821873
20.410000000000	-0.81220747193544	0.57777787955855
20.420000000000	-0.81165303021474	0.57853049961839
20.430000000000	-0.81109589795630	0.57928518974964
20.440000000000	-0.81053605014126	0.58004196136044
20.450000000000	-0.80997345887258	0.58080082562210
20.460000000000	-0.80940809191703	0.58156179274232
20.468750000000	-0.80891108854193	0.58222936999087
20.470000000000	-0.80883991036846	0.58232487020700
20.480000000000	-0.80826886508215	0.58309005853251
20.490000000000	-0.80769489221352	0.58385734097888
20.500000000000	-0.80711791243189	0.58462665920561
20.510000000000	-0.80653785685368	0.58539786255891
20.520000000000	-0.80595479651148	0.58617065226203
20.530000000000	-0.80536924158038	0.58694475918826
20.540000000000	-0.80478199594773	0.58772069434992
20.550000000000	-0.80419284419044	0.58849963988167
20.560000000000	-0.80360072779788	0.58928181144681
20.570000000000	-0.80300518370804	0.59006667311200
20.580000000000	-0.80240626201099	0.59085385399276
20.590000000000	-0.80180408897317	0.59164322738130
20.600000000000	-0.80119874523179	0.59243477348035
20.610000000000	-0.80059026809530	0.59322850587708
20.620000000000	-0.79997866852840	0.59402444578716
20.625000000000	-0.79967169703576	0.59442325026090
20.630000000000	-0.79936394278805	0.59482261444932
20.640000000000	-0.79874607892402	0.59562303134363
20.650000000000	-0.79812506027141	0.59642571410838
20.660000000000	-0.79750086734121	0.59723067886801
20.670000000000	-0.79687347886774	0.59803794059436
20.680000000000	-0.79624287240526	0.59884751340682
20.690000000000	-0.79560902467738	0.59965941080132
20.700000000000	-0.79497191178709	0.60047364581981
20.710000000000	-0.79433150934617	0.60129023117454
20.720000000000	-0.79368779255642	0.60210917933931
20.730000000000	-0.79304073626182	0.60293050261680
20.740000000000	-0.79239031498246	0.60375421318882
20.750000000000	-0.79173650293704	0.60458032315406
20.760000000000	-0.79107927405814	0.60540884455688
20.770000000000	-0.79041860200284	0.60623978940950
20.780000000000	-0.78975446016052	0.60707316970948
20.781250000000	-0.78967119712528	0.60717751408679
20.790000000000	-0.78908682165913	0.60790899745371
20.800000000000	-0.78841565937084	0.60874728465011
20.810000000000	-0.78774094591788	0.60958804332777
20.820000000000	-0.78706265367936	0.61043128554656
20.830000000000	-0.78638075479996	0.61127702340692
20.840000000000	-0.78569522120147	0.61212526906116
20.850000000000	-0.78500602459846	0.61297603472782
20.860000000000	-0.78431313652000	0.61382933271156
20.870000000000	-0.78361652833944	0.61468517543267
20.880000000000	-0.78291617131555	0.61554357547287
20.890000000000	-0.78221203664830	0.61640454564929
20.900000000000	-0.78150409555254	0.61726809913721
20.910000000000	-0.78079231934901	0.61813424967919
20.920000000000	-0.78007667955836	0.61900301194889
20.930000000000	-0.77935714794062	0.61987440219346
20.937500000000	-0.77881492826939	0.62052968073762
20.940000000000	-0.77863369629650	0.62074843936789
20.950000000000	-0.77790629549687	0.62162514706944
20.960000000000	-0.77717491231062	0.62250455641891
20.970000000000	-0.77643950078612	0.62338670839151
20.980000000000	-0.77569998412640	0.62427164716429
20.990000000000	-0.77495623772321	0.62515938194741
21.000000000000	-0.77420813652248	0.62604981712646
21.010000000000	-0.77345569658852	0.62694278705367
21.020000000000	-0.77269906912118	0.62783825541293
21.030000000000	-0.77193833460001	0.62873634048286
21.040000000000	-0.77117345336668	0.62963715970488
21.050000000000	-0.77040434731583	0.63054077189625
21.060000000000	-0.76963094587208	0.63144719987649
21.070000000000	-0.76885319203535	0.63235645362134
21.080000000000	-0.76807103801616	0.63326854036041
21.090000000000	-0.76728444109633	0.63418346773763
21.093750000000	-0.76698831357268	0.63452729959925
21.100000000000	-0.76649336112246	0.63510124445575
21.110000000000	-0.76569775915161	0.63602188017474
21.120000000000	-0.76489759674339	0.63694538524481
21.130000000000	-0.76409283559452	0.63787177043425
21.140000000000	-0.76328343735471	0.63880104667703
21.150000000000	-0.76246936354101	0.63973322482168
21.160000000000	-0.76165057550789	0.64066831534477
21.170000000000	-0.76082703444706	0.64160632797280
21.180000000000	-0.75999870139302	0.64254727112027
21.190000000000	-0.75916553718897	0.64349115097831
21.200000000000	-0.75832750229490	0.64443796993244
21.210000000000	-0.75748455609079	0.64538772364885
21.220000000000	-0.75663665459030	0.64634039541350
21.230000000000	-0.75578374290154	0.64729594467678
21.240000000000	-0.75492572891755	0.64825428425406
21.250000000000	-0.75406238495837	0.64921524892759
21.260000000000	-0.75319300141290	0.65017871719648
21.270000000000	-0.75231617953260	0.65114605396625
21.280000000000	-0.75143456164692	0.65212043590500
21.290000000000	-0.75055137043330	0.65309779564751
21.300000000000	-0.74966342156519	0.65407635425570
21.310000000000	-0.74876968696348	0.65505727796468
21.320000000000	-0.74787020667533	0.65604110841136
21.330000000000	-0.74696506256141	0.65702802383704
21.340000000000	-0.74605428488264	0.65801809092996
21.350000000000	-0.74513786952488	0.65901134172292
21.360000000000	-0.74421579331843	0.66000779658897
21.370000000000	-0.74328802239842	0.66100747172150
21.380000000000	-0.74235451657123	0.66201038177917
21.390000000000	-0.74141523165066	0.66301654088201
21.400000000000	-0.74047012075722	0.66402596300039
21.406250000000	-0.73987644631974	0.66465851503095
21.410000000000	-0.73951913506945	0.66503866210713
21.420000000000	-0.73856222427419	0.66605465223321
21.430000000000	-0.73759933684474	0.66707394748379
21.440000000000	-0.73663042021720	0.66809656203803
21.450000000000	-0.73565542090429	0.66912251014278
21.460000000000	-0.73467428456985	0.67015180610447
21.470000000000	-0.73368695607779	0.67118446428111
21.480000000000	-0.73269337952402	0.67222049907495
21.490000000000	-0.73169349825685	0.67325992492623
21.500000000000	-0.73068725488926	0.67430275630795
21.510000000000	-0.72967459130553	0.67534900772173
21.520000000000	-0.72865544866357	0.67639869369479
21.530000000000	-0.72762976739425	0.67745182877805
21.540000000000	-0.72659748719832	0.67850842754562
21.550000000000	-0.72555854704145	0.67956850459600
21.560000000000	-0.72451288514795	0.68063207455524
21.562500000000	-0.72425041209270	0.68089851452914
21.570000000000	-0.72346043899328	0.68169915208320
21.580000000000	-0.72240114529589	0.68276975188381
21.590000000000	-0.72133494000877	0.68384388872132
21.600000000000	-0.72026175831147	0.68492157744559
21.610000000000	-0.71918153460427	0.68600283303119
21.620000000000	-0.71809420250745	0.68708767063842
21.630000000000	-0.71699969487237	0.68817610570981
21.640000000000	-0.71589794381884	0.68926815412591
21.650000000000	-0.71478888083199	0.69036383246234
21.660000000000	-0.71367243699785	0.69146315842374
21.670000000000	-0.71254854357737	0.69256615158710
21.680000000000	-0.71141713345184	0.69367283465896
21.690000000000	-0.71027814493815	0.69478323536776
21.700000000000	-0.70913153224561	0.69589738765091
21.710000000000	-0.70797729273535	0.69701532059166
21.718750000000	-0.70696113815161	0.69799657320527
21.720000000000	-0.70681550564474	0.69813697471851
21.730000000000	-0.70564614284228	0.69926197893300
21.740000000000	-0.70446848718053	0.70039012466339
21.750000000000	-0.70328218674301	0.70152213540526
21.760000000000	-0.70208763695487	0.70265826377820
21.770000000000	-0.70088495154287	0.70379835452645
21.780000000000	-0.69967405506078	0.70494231267087
21.790000000000	-0.69845484432724	0.70609010875523
21.800000000000	-0.69722722003676	0.70724173993440
21.810000000000	-0.69599108808101	0.70839721310983
21.820000000000	-0.69474635743456	0.70955653880338
21.830000000000	-0.69349293851741	0.71071972889363
21.840000000000	-0.69223074219845	0.71188679573373
21.850000000000	-0.69095967920882	0.71305775178807
21.860000000000	-0.68967965979089	0.71423260947498
21.870000000000	-0.68839059348055	0.71541138109549
21.875000000000	-0.68774263924185	0.71600223843406
21.880000000000	-0.68709238896641	0.71659407879922
21.890000000000	-0.68578495399408	0.71778071456689
21.900000000000	-0.68446819529790	0.71897130020014
21.910000000000	-0.68314201854936	0.72016584731456
21.920000000000	-0.68180632831625	0.72136436733397
21.930000000000	-0.68046102802851	0.72256687148496
21.940000000000	-0.67910601994845	0.72377337079149
21.950000000000	-0.67774120514382	0.72498387606895
21.960000000000	-0.67636648346262	0.72619839791809
21.970000000000	-0.67498175350903	0.72741694671831
21.980000000000	-0.67358691261997	0.72863953262065
21.990000000000	-0.67218185684186	0.72986616554031
22.000000000000	-0.67076648090748	0.73109685514880
22.010000000000	-0.66934067821258	0.73233161086568
22.020000000000	-0.66790434079208	0.73357044185000
22.030000000000	-0.66645735929573	0.73481335699153
22.031250000000	-0.66627573269625	0.73496900898351
22.040000000000	-0.66499962296292	0.73606036490181
22.050000000000	-0.66353101959634	0.73731147390530
22.060000000000	-0.66205143553414	0.73856669203076
22.070000000000	-0.66056075561981	0.73982602700350
22.080000000000	-0.65905886316898	0.74108948623889
22.090000000000	-0.65754563993129	0.74235707683851
22.100000000000	-0.65602096604506	0.74362880559059
22.110000000000	-0.65448471997991	0.74490467897830
22.120000000000	-0.65293677845979	0.74618470320182
22.130000000000	-0.65137701635154	0.74746888422644
22.140000000000	-0.64980530649040	0.74875722788142
22.150000000000	-0.64822151938328	0.75004974006540
22.160000000000	-0.64662552265690	0.75134642719426
22.170000000000	-0.64501717992742	0.75264729726561
22.180000000000	-0.64339634821274	0.75395236273517
22.187500000000	-0.64217243540606	0.75493392968794
22.190000000000	-0.64176287119981	0.75526164992103
22.200000000000	-0.64011655972634	0.75657524033088
22.210000000000	-0.63845717702113	0.75789356773965
22.220000000000	-0.63678816546112	0.75921759525866
22.230000000000	-0.63510296022955	0.76054000477711
22.240000000000	-0.63340377268950	0.76186988161986
22.250000000000	-0.63169161180846	0.76320416383211
22.260000000000	-0.62996600498062	0.76454264652741
22.270000000000	-0.62822671832781	0.76588530843908
22.280000000000	-0.62647357053549	0.76723214467626
22.290000000000	-0.62470639505236	0.76858315203729
22.300000000000	-0.62292502973749	0.76993832689026
22.310000000000	-0.62112931326709	0.77129766480028
22.320000000000	-0.61931908365504	0.77266116046509
22.330000000000	-0.61749417755737	0.77402880770597
22.340000000000	-0.61565442990632	0.77540059946327
22.343750000000	-0.61496066417825	0.77591608828655
22.350000000000	-0.61379967369704	0.77677652778748
22.360000000000	-0.61192973985053	0.77815658382501
22.370000000000	-0.61004445711690	0.77954075779991
22.380000000000	-0.60814365200115	0.78092903899259
22.390000000000	-0.60622714870206	0.78232141571705
22.400000000000	-0.60429476905906	0.78371787529777
22.410000000000	-0.60234633250453	0.78511840404895
22.420000000000	-0.60038165602013	0.78652298726026
22.421875000000	-0.60001145620081	0.78678679672731
22.430000000000	-0.59840055409719	0.78793160919864
22.440000000000	-0.59640283870255	0.78934425314746
22.450000000000	-0.59438831925402	0.79076090153853
22.460000000000	-0.59235680262074	0.79218153634052
22.470000000000	-0.59030809321165	0.79360614029270
22.480000000000	-0.58824199354477	0.79503470184968
22.490000000000	-0.58615831018293	0.79646724810947
22.500000000000	-0.58405881337772	0.79790483115635
22.510000000000	-0.58193732610564	0.79934331765116
22.520000000000	-0.57979960387351	0.80078747499409
22.530000000000	-0.57764346844999	0.80223535602305
22.540000000000	-0.57546869459479	0.80368699350496
22.550000000000	-0.57327506316478	0.80514236744766
22.560000000000	-0.57106235292225	0.80660144807307
22.570000000000	-0.56883033975327	0.80806420170519
22.578125000000	-0.56700245903378	0.80925536866757
22.580000000000	-0.56657879646275	0.80953059217086
22.590000000000	-0.56430749267039	0.81100058121310
22.600000000000	-0.56201619473717	0.81247412860749
22.610000000000	-0.55970466570680	0.81395119217059
22.620000000000	-0.55737266525670	0.81543172772494
22.630000000000	-0.55501994965494	0.81691568904624
22.640000000000	-0.55264627172041	0.81840302780352
22.650000000000	-0.55025138078376	0.81989369349709
22.656250000000	-0.54874368891989	0.82082702567995
22.660000000000	-0.54783502264759	0.82138763339590
22.670000000000	-0.54539693954456	0.82288479247461
22.680000000000	-0.54293687009318	0.82438511335016
22.690000000000	-0.54045454925074	0.82588853621759
22.700000000000	-0.53794970826346	0.82739499878500
22.710000000000	-0.53542207461372	0.82890443620801
22.720000000000	-0.53287137196385	0.83041678102466
22.730000000000	-0.53029732009534	0.83193196309313
22.734375000000	-0.52916375770901	0.83259572891076
22.740000000000	-0.52769963484060	0.83344990953729
22.750000000000	-0.52507802800001	0.83497054471104
22.760000000000	-0.52243220722526	0.83649379020863
22.770000000000	-0.51976187581263	0.83801956499375
22.780000000000	-0.51706673220358	0.83954778587805
22.790000000000	-0.51434646824507	0.84107836924484
22.800000000000	-0.51160075920937	0.84261123864674
22.810000000000	-0.50882911163742	0.84414634110717
22.812500000000	-0.50813194619344	0.84453031787557
22.820000000000	-0.50603190521460	0.84568285687913
22.830000000000	-0.50320813307258	0.84722207154186
22.840000000000	-0.50035759018133	0.84876300736515
22.850000000000	-0.49748001290312	0.85030566597134
22.860000000000	-0.49457506786601	0.85184995159076
22.870000000000	-0.49164241474614	0.85339575154922
22.880000000000	-0.48868170837892	0.85494294581594
22.890000000000	-0.48569259884860	0.85649140895661
22.890625000000	-0.48550482835766	0.85658822708391
22.900000000000	-0.48267473142243	0.85804101063200
22.910000000000	-0.47962774647645	0.85959161569942
22.920000000000	-0.47655127942561	0.86114308417698
22.930000000000	-0.47344496065803	0.86269527115122
22.940000000000	-0.47030841547183	0.86424802665712
22.950000000000	-0.46714126401356	0.86580119554250
22.960000000000	-0.46394312121774	0.86735461732186
22.968750000000	-0.46111901696352	0.86871393849213
22.970000000000	-0.46071359674711	0.86890812602248
22.980000000000	-0.45745229493345	0.87046155002384
22.990000000000	-0.45415881471883	0.87201471189123
23.000000000000	-0.45083274959720	0.87356742820419
23.010000000000	-0.44747368755638	0.87511950938030
23.020000000000	-0.44408121102048	0.87667075949529
23.030000000000	-0.44065489679294	0.87822097610102
23.040000000000	-0.43719431600056	0.87976995004427
23.050000000000	-0.43369903403932	0.88131746529238
23.060000000000	-0.43016861052375	0.88286329877894
23.070000000000	-0.42660259924405	0.88440722030135
23.080000000000	-0.42300054814307	0.88594899255646
23.090000000000	-0.41936199935352	0.88748837158691
23.100000000000	-0.41568648947261	0.88902510872114
23.110000000000	-0.41197355125729	0.89055896019692
23.120000000000	-0.40822273738673	0.89208978132969
23.125000000000	-0.40633334561172	0.89285464648042
23.130000000000	-0.40443350857468	0.89361579526190
23.140000000000	-0.40060530181091	0.89513977084047
23.150000000000	-0.39673780143464	0.89665918879336
23.160000000000	-0.39283042472434	0.89817419632577
23.170000000000	-0.38888266346700	0.89968450986587
23.180000000000	-0.38489400377236	0.90118980994218
23.190000000000	-0.38086392530804	0.90268976125244
23.200000000000	-0.37679190126354	0.90418401602222
23.210000000000	-0.37267739833990	0.90567221470975
23.220000000000	-0.36851987673680	0.90715398604431
23.230000000000	-0.36431879013942	0.90862894684398
23.236250000000	-0.36167074279258	0.90954716371085
23.240000000000	-0.36007358570721	0.91009670174336
23.250000000000	-0.35578370406609	0.91155684287663
23.260000000000	-0.35144857930477	0.91300894953412
23.270000000000	-0.34706763897591	0.91445258780002
23.280000000000	-0.34264030410234	0.91588731017504
23.290000000000	-0.33816598918905	0.91731265518563
23.300000000000	-0.33364410224105	0.91872814698059
23.310000000000	-0.32907404478764	0.92013329491549
23.320000000000	-0.32445521191353	0.92152759312496
23.330000000000	-0.31978699229703	0.92291052008283
23.340000000000	-0.31506876825594	0.92428153815020
23.347500000000	-0.31149690968856	0.92530165373244
23.350000000000	-0.31029991580133	0.92564009311113
23.360000000000	-0.30547980469991	0.92698561369591
23.370000000000	-0.30060779854512	0.92831751109189
23.380000000000	-0.29568325483761	0.92963517844168
23.390000000000	-0.29070552507529	0.93093799032881
23.400000000000	-0.28567395485325	0.93222530225086
23.410000000000	-0.28058788397391	0.93349645008043
23.420000000000	-0.27544664656700	0.93475074951446
23.430000000000	-0.27024957121919	0.93598749551281
23.440000000000	-0.26499598111196	0.93720596172793
23.450000000000	-0.25968519416541	0.93840539992865
23.458750000000	-0.25499079620019	0.93943869413297
23.460000000000	-0.25431652318296	0.93958503942344
23.470000000000	-0.24888927598739	0.94074408649300
23.480000000000	-0.24340275552905	0.94188172385093
23.490000000000	-0.23785625992569	0.94299711016976
23.500000000000	-0.23224908234405	0.94408937975152
23.510000000000	-0.22658051050350	0.94515764252552
23.520000000000	-0.22084982520331	0.94620098483790
23.530000000000	-0.21505629596642	0.94721847237919
23.540000000000	-0.20919916621834	0.94820915988139
23.550000000000	-0.20327758529394	0.94917212749799
23.560000000000	-0.19729001843768	0.95010662410281
23.570000000000	-0.19123752382390	0.95100078728050
23.580000000000	-0.18512309252226	0.95187946463013
23.590000000000	-0.17893734502802	0.95272093392760
23.600000000000	-0.17268386596910	0.95352844478808
23.610000000000	-0.16636185330775	0.95430124305510
23.620000000000	-0.15997054731870	0.95503819634849
23.630000000000	-0.15350920900827	0.95573807291001
23.640000000000	-0.14697710872958	0.95639958574072
23.650000000000	-0.14037352253752	0.95702140339487
23.660000000000	-0.13369773104323	0.95760215305438
23.670000000000	-0.12694901907815	0.95814042125529
23.680000000000	-0.12012667545886	0.95863475377857
23.690000000000	-0.11322999225461	0.95908365523241
23.700000000000	-0.10625826242946	0.95948558851527
23.710000000000	-0.099210772622003	0.95983897394182
23.720000000000	-0.092086779135085	0.96014218536352
23.730000000000	-0.084885409113881	0.96039351588190
23.740000000000	-0.077605132378084	0.96059062847033
23.750000000000	-0.070251167734212	0.96072678301631
23.760000000000	-0.062817900293331	0.96081626744472
23.770000000000	-0.055302078385620	0.96084349893203
23.780000000000	-0.047706281090206	0.96080909731510
23.790000000000	-0.040029838437802	0.96071160176479
23.800000000000	-0.032272130694037	0.96054910690917
23.810000000000	-0.024432590198095	0.96031957790492
23.820000000000	-0.016510685038747	0.96002090329632
23.830000000000	-0.0085059135691492	0.95965090778500
23.840000000000	-0.00041780324085971	0.95920735577660
23.850000000000	0.0077540888317868	0.95868795217051
23.860000000000	0.016010174521707	0.95809034216954
23.870000000000	0.024350832924881	0.95741211070006
23.880000000000	0.032776408340013	0.95665078166977
23.890000000000	0.041287208063821	0.95580381716156
23.900000000000	0.049883500035913	0.95486861661116
23.910000000000	0.058565510349578	0.95384251599501
23.920000000000	0.067333420636098	0.95272278704426
23.925000000000	0.071749632199781	0.95212694160730
23.930000000000	0.076187365325498	0.95150663649667
23.940000000000	0.085127428784257	0.95019120539556
23.950000000000	0.094153642328845	0.94877356844419
23.960000000000	0.10326598111315	0.94725073342357
23.970000000000	0.11246436088683	0.94561964068192
23.980000000000	0.12174863462084	0.94387716270456
23.990000000000	0.13111858899469	0.94202010377396
24.000000000000	0.14057394073748	0.94004519973192
24.010000000000	0.15011433280928	0.93794911785904
24.012500000000	0.15251266919231	0.93740576627358
24.020000000000	0.15973933039789	0.93572845689441
24.030000000000	0.16944841667963	0.93337974723504
24.040000000000	0.17924098822738	0.93089945139699
24.050000000000	0.18911634976666	0.92828396494193
24.060000000000	0.19907370739818	0.92552961848300
24.070000000000	0.20911215713450	0.92263268311551
24.080000000000	0.21923065371516	0.91958939192267
24.090000000000	0.22942784140275	0.91639610845058
24.100000000000	0.23970884861685	0.91305542724846
24.110000000000	0.25005800700324	0.90954089664445
24.120000000000	0.26048449475489	0.90587257384745
24.130000000000	0.27098490475406	0.90203778230640
24.140000000000	0.28155718779268	0.89803238088985
24.150000000000	0.29219942165933	0.89385215529649
24.160000000000	0.30290958308330	0.88949283084316
24.170000000000	0.31368551001419	0.88495008111093
24.180000000000	0.32452488783439	0.88021953316056
24.187500000000	0.33269457779904	0.87654572514259
24.190000000000	0.33542524081470	0.87529677192827
24.200000000000	0.34638392509724	0.87017734456925
24.210000000000	0.35739812220712	0.86485676500895
24.220000000000	0.36846483277219	0.85933051880862
24.230000000000	0.37958087033899	0.85359406839930
24.240000000000	0.39074285524898	0.84764285871740
24.250000000000	0.40194720857022	0.84147232326670
24.260000000000	0.41319014609483	0.83507789062715
24.270000000000	0.42446767242103	0.82845499142858
24.275000000000	0.43011809864118	0.82505644132663
24.280000000000	0.43577557514453	0.82159906580622
24.290000000000	0.44710941918863	0.81450557135370
24.300000000000	0.45846454130771	0.80716999158893
24.310000000000	0.46983604480488	0.79958784494785
24.320000000000	0.48121879451219	0.79175469432217
24.330000000000	0.49260741209418	0.78366615715936
24.340000000000	0.50399627175426	0.77531791615056
24.350000000000	0.51537949645562	0.76670573054700
24.360000000000	0.52675095482738	0.75782544818202
24.370000000000	0.53810425903741	0.74867301836168
24.380000000000	0.54943276413703	0.73924450600159
24.390000000000	0.56072956984418	0.72953610796282
24.400000000000	0.57198752669813	0.71954417422174
24.410000000000	0.58319925033473	0.70926524197336
24.420000000000	0.59435714855709	0.69869611076240
24.430000000000	0.60545343578424	0.68783406693553
24.440000000000	0.61647970099072	0.67667761431456
24.450000000000	0.62742297780387	0.66522605481202
24.460000000000	0.63827066786160	0.65346591566069
24.470000000000	0.64902802615286	0.64139567830333
24.480000000000	0.65968249547774	0.62902163782321
24.490000000000	0.67022151236355	0.61634131681285
24.500000000000	0.68063479687908	0.60335248850685
24.510000000000	0.69091226470773	0.59005373083965
24.520000000000	0.70104365630328	0.57644416027591
24.530000000000	0.71101849204310	0.56252333150761
24.540000000000	0.72082607797914	0.54829121143071
24.550000000000	0.73045552006063	0.53374817940811
24.560000000000	0.73989574013933	0.51889503726380
24.570000000000	0.74913549286375	0.50373302305328
24.580000000000	0.75816338351775	0.48826382624201
24.590000000000	0.76696788695816	0.47248960323282
24.600000000000	0.77553736776877	0.45641299269950
24.610000000000	0.78386010170081	0.44003713040300
24.620000000000	0.79192429843415	0.42336566326529
24.630000000000	0.79971812566637	0.40640276252197
24.640000000000	0.80722973451549	0.38915313579853
24.650000000000	0.81444728620532	0.37162203796697
24.660000000000	0.82135897998636	0.35381528064698
24.670000000000	0.82795308223158	0.33573924022136
24.680000000000	0.83421795663300	0.31740086423988
24.690000000000	0.84014209541232	0.29880767609161
24.700000000000	0.84571415144769	0.27996777783221
24.710000000000	0.85092297120883	0.26088985106120
24.720000000000	0.85575762838585	0.24158315575639
24.730000000000	0.86020745809632	0.22205752699002
24.740000000000	0.86426209156549	0.20232336947877
24.750000000000	0.86791149120874	0.18239164997244
24.760000000000	0.87114598613330	0.16227388759822
24.770000000000	0.87395630828970	0.14198214256465
24.780000000000	0.87633363002933	0.12152900448974
24.790000000000	0.87826960509536	0.10092758468114
24.800000000000	0.87975641716011	0.080191529995193
24.810000000000	0.88078682276543	0.059335147556927
24.820000000000	0.88135365067799	0.038374051099109
24.830000000000	0.88144606629281	0.017321367806817
24.840000000000	0.88106629797684	-0.0038127345907880
24.850000000000	0.88020840379885	-0.025005136947735
24.860000000000	0.87886590184254	-0.046241292444515
24.870000000000	0.87703528079819	-0.067505542513887
24.880000000000	0.87471378496706	-0.088781559569100
24.890000000000	0.87189935453788	-0.11005271373387
24.900000000000	0.86859066023549	-0.13130218242580
24.910000000000	0.86478712707382	-0.15251301070551
24.920000000000	0.86048894934914	-0.17366816070042
24.925000000000	0.85815464221584	-0.18421952084421
24.930000000000	0.85569709990021	-0.19475055832757
24.940000000000	0.85041333498559	-0.21574313931399
24.950000000000	0.84464019538509	-0.23662889494707
24.960000000000	0.83838100404319	-0.25739091754336
24.970000000000	0.83163986045392	-0.27801244549622
24.980000000000	0.82442163193058	-0.29847690773012
24.990000000000	0.81673194187230	-0.31876796738342
25.000000000000	0.80857715512143	-0.33886956453772
25.010000000000	0.79996436049944	-0.35876595780736
25.020000000000	0.79090135061148	-0.37844176459640
25.030000000000	0.78139659902031	-0.39788199982643
25.040000000000	0.77145923490549	-0.41707211293678
25.050000000000	0.76109901534062	-0.43599802296149
25.060000000000	0.75032629533730	-0.45464615149309
25.070000000000	0.73915199581613	-0.47300345335023
25.080000000000	0.72758756966837	-0.49105744477335
25.090000000000	0.71564496606019	-0.50879622897577
25.100000000000	0.70333659309009	-0.52620851887483
25.110000000000	0.69067527880768	-0.54328365681860
25.120000000000	0.67767423036613	-0.56001163112410
25.130000000000	0.66434699054056	-0.57638308933748
25.140000000000	0.65070738961905	-0.59238934867493
25.145000000000	0.64377484053890	-0.60025300095931
25.150000000000	0.63676948807873	-0.60802240655256
25.160000000000	0.62254750170449	-0.62327496389549
25.170000000000	0.60805570894594	-0.63814050721628
25.180000000000	0.59330844836207	-0.65261355374401
25.190000000000	0.57832066935165	-0.66668989188369
25.200000000000	0.56310871389229	-0.68036543023516
25.210000000000	0.54768837442211	-0.69363483832842
25.217500000000	0.53599473943801	-0.70331775691567
25.220000000000	0.53207355243680	-0.70649391364925
25.230000000000	0.51627821723938	-0.71894041995629
25.240000000000	0.50031689591192	-0.73097297935373
25.250000000000	0.48420426354596	-0.74259072541473
25.260000000000	0.46795495206208	-0.75379338547075
25.270000000000	0.45158357405285	-0.76458149527342
25.280000000000	0.43510502980984	-0.77495718843619
25.290000000000	0.41853530895684	-0.78493093923037
25.300000000000	0.40178639281232	-0.79447087423632
25.310000000000	0.38511718195189	-0.80357796060879
25.320000000000	0.36834625456566	-0.81231130334044
25.330000000000	0.35152734986651	-0.82063962922953
25.340000000000	0.33467707242059	-0.82856741297712
25.350000000000	0.31780839010641	-0.83609910270032
25.360000000000	0.30093328624789	-0.84323933547773
25.370000000000	0.28406318726330	-0.84999303721616
25.380000000000	0.26720906822542	-0.85636544161582
25.390000000000	0.25038148436429	-0.86236208250351
25.400000000000	0.23359058088943	-0.86798877660097
25.410000000000	0.21684609576055	-0.87325160259690
25.420000000000	0.20015736030880	-0.87815687881522
25.428125000000	0.18664498695467	-0.88188364664702
25.430000000000	0.18353329956027	-0.88271114048839
25.440000000000	0.16698243300532	-0.88692111713123
25.450000000000	0.15051287610261	-0.89079371028383
25.460000000000	0.13413234259266	-0.89433597178447
25.470000000000	0.11784814757103	-0.89755508268256
25.480000000000	0.10166721116374	-0.90045833289196
25.490000000000	0.085596062508269	-0.90305310173934
25.500000000000	0.069640843519560	-0.90534683977338
25.510000000000	0.053807311587411	-0.90734705286136
25.520000000000	0.038100840198044	-0.90906129154641
25.530000000000	0.022526418717646	-0.91049715380700
25.540000000000	0.0070886680572211	-0.91166231814602
25.550000000000	-0.0082080546820620	-0.91256460309848
25.560000000000	-0.023359378305720	-0.91321184774366
25.566250000000	-0.032753165298981	-0.91349012578145
25.570000000000	-0.038360973370876	-0.91361131432453
25.580000000000	-0.053209455204379	-0.91376972239989
25.590000000000	-0.067902289573067	-0.91369425393097
25.600000000000	-0.082436979943594	-0.91339246777576
25.610000000000	-0.096811042586852	-0.91287182604338
25.620000000000	-0.11102219164983	-0.91213960474871
25.630000000000	-0.12506840267669	-0.91120293032855
25.640000000000	-0.13894791409657	-0.91006880566841
25.650000000000	-0.15265921445065	-0.90874411876685
25.660000000000	-0.16620102846140	-0.90723564315075
25.670000000000	-0.17957230419951	-0.90555003523653
25.680000000000	-0.19277220133125	-0.90369383081116
25.690000000000	-0.20580008015156	-0.90167344147218
25.700000000000	-0.21865549118130	-0.89949515133043
25.704375000000	-0.22422542544965	-0.89849407396719
25.710000000000	-0.23133816519824	-0.89716511405977
25.720000000000	-0.24384800363491	-0.89468935027447
25.730000000000	-0.25618506931831	-0.89207374513958
25.740000000000	-0.26834957756290	-0.88932404601924
25.750000000000	-0.28034188767948	-0.88644585976593
25.760000000000	-0.29216249508079	-0.88344464877056
25.770000000000	-0.30381202451386	-0.88032572357731
25.780000000000	-0.31529122621070	-0.87709422573849
25.790000000000	-0.32660098248309	-0.87375507892898
25.800000000000	-0.33774236902037	-0.87031280801217
25.810000000000	-0.34871725393516	-0.86677050786119
25.820000000000	-0.35955571530069	-0.86312903848228
25.830000000000	-0.37016763216882	-0.85943888814054
25.840000000000	-0.38064369461322	-0.85562944125483
25.842500000000	-0.38323768429245	-0.85466523299292
25.850000000000	-0.39095915016130	-0.85174397939547
25.860000000000	-0.40111382855406	-0.84778381817083
25.870000000000	-0.41110904790769	-0.84375239589895
25.880000000000	-0.42094631809536	-0.83965340910153
25.890000000000	-0.43062722657428	-0.83549053914306
25.900000000000	-0.44015341384493	-0.83126738641789
25.910000000000	-0.44952656372596	-0.82698745024206
25.920000000000	-0.45874839733739	-0.82265412232739
25.930000000000	-0.46782066835799	-0.81827068517126
25.940000000000	-0.47674515887256	-0.81384031249737
25.950000000000	-0.48552367557784	-0.80936607064959
25.960000000000	-0.49415804625565	-0.80485092046719
25.970000000000	-0.50265011647121	-0.80029771941792
25.980000000000	-0.51100174647414	-0.79570922387359
25.980625000000	-0.51151910297448	-0.79542133220110
25.990000000000	-0.51921480828775	-0.79108809146306
26.000000000000	-0.52729118297691	-0.78643688346206
26.010000000000	-0.53523275808694	-0.78175806719094
26.020000000000	-0.54304142524895	-0.77705401839603
26.030000000000	-0.55071907795071	-0.77232702358869
26.040000000000	-0.55826760947945	-0.76757928230880
26.050000000000	-0.56568891105938	-0.76281290926138
26.060000000000	-0.57298487024446	-0.75802993623883
26.070000000000	-0.58015736972373	-0.75323231366898
26.080000000000	-0.58720828695987	-0.74842191149090
26.090000000000	-0.59413949586403	-0.74360051884083
26.100000000000	-0.60095287423055	-0.73876984204099
26.110000000000	-0.60765032914220	-0.73393150390681
26.118750000000	-0.61341708714702	-0.72969291048540
26.120000000000	-0.61423387545177	-0.72908708121749
26.130000000000	-0.62070572825273	-0.72423842475115
26.140000000000	-0.62706721703572	-0.71938819824990
26.150000000000	-0.63331826164359	-0.71453687087230
26.160000000000	-0.63946177510670	-0.70968428531527
26.170000000000	-0.64550029388450	-0.70483230779653
26.180000000000	-0.65143549585370	-0.69998252476935
26.190000000000	-0.65726900039199	-0.69513620583141
26.200000000000	-0.66300245129260	-0.69029449630496
26.210000000000	-0.66863749851617	-0.68545847342787
26.220000000000	-0.67417578477885	-0.68062916156744
26.230000000000	-0.67961893888523	-0.67580753735934
26.240000000000	-0.68496857240687	-0.67099453222625
26.250000000000	-0.69022627791571	-0.66619103415427
26.256875000000	-0.69378844304251	-0.66289458540000
26.260000000000	-0.69539362797196	-0.66139788923676
26.270000000000	-0.70047217450568	-0.65661590313094
26.280000000000	-0.70546344842231	-0.65184584246894
26.290000000000	-0.71036895934916	-0.64708843623386
26.300000000000	-0.71519019548227	-0.64234437710271
26.310000000000	-0.71992862351664	-0.63761432275562
26.320000000000	-0.72458568866278	-0.63289889715078
26.330000000000	-0.72916281477914	-0.62819869176476
26.340000000000	-0.73366140471041	-0.62351426679881
26.350000000000	-0.73808284109243	-0.61884615235274
26.360000000000	-0.74242848848434	-0.61419484956816
26.370000000000	-0.74669970040351	-0.60956083172522
26.380000000000	-0.75089785334117	-0.60494454494006
26.390000000000	-0.75502475219585	-0.60034639044058
26.395000000000	-0.75707178425297	-0.59804936618724
26.400000000000	-0.75907766981596	-0.59576670404536
26.410000000000	-0.76306486235717	-0.59120612315435
26.420000000000	-0.76698314831537	-0.58666473063451
26.430000000000	-0.77083443414486	-0.58214292690896
26.440000000000	-0.77461998048451	-0.57764102224856
26.450000000000	-0.77834097547322	-0.57315930309766
26.460000000000	-0.78199857541528	-0.56869803573150
26.470000000000	-0.78559391289401	-0.56425746749895
26.480000000000	-0.78912809928992	-0.55983782769508
26.490000000000	-0.79260222585091	-0.55543932832717
26.500000000000	-0.79601736428722	-0.55106216483034
26.510000000000	-0.79937456718414	-0.54670651674877
26.520000000000	-0.80267486833674	-0.54237254838857
26.522500000000	-0.80349117211045	-0.54129246160974
26.530000000000	-0.80591928304826	-0.53806040944508
26.540000000000	-0.80910880841059	-0.53377023560622
26.550000000000	-0.81224442357519	-0.52950214913317
26.560000000000	-0.81532709001856	-0.52525625941955
26.570000000000	-0.81835775180437	-0.52103266352996
26.580000000000	-0.82133733584299	-0.51683144671906
26.590000000000	-0.82426675214916	-0.51265268293212
26.600000000000	-0.82714689409793	-0.50849643528797
26.610000000000	-0.82997863867919	-0.50436275654530
26.620000000000	-0.83276284675090	-0.50025168955325
26.630000000000	-0.83550036329137	-0.49616326768688
26.640000000000	-0.83819201765084	-0.49209751526835
26.650000000000	-0.84083862380276	-0.48805444797421
26.660000000000	-0.84344098059498	-0.48403407322929
26.670000000000	-0.84599987200146	-0.48003639058741
26.680000000000	-0.84851606737472	-0.47606139209914
26.690000000000	-0.85099032169949	-0.47210906266670
26.700000000000	-0.85342337584813	-0.46817938038611
26.710000000000	-0.85581595683848	-0.46427231687663
26.720000000000	-0.85816877809525	-0.46038783759758
26.730000000000	-0.86048253971652	-0.45652590215270
26.740000000000	-0.86275792874839	-0.45268646458219
26.750000000000	-0.86499561947239	-0.44886947364244
26.760000000000	-0.86719627371411	-0.44507487307363
26.770000000000	-0.86936054118781	-0.44130260185439
26.780000000000	-0.87148905990397	-0.43755259444198
26.790000000000	-0.87358245669169	-0.43382478099256
26.800000000000	-0.87564134794027	-0.43011908754762
26.810000000000	-0.87766634078513	-0.42643543614721
26.820000000000	-0.87965803526627	-0.42277374475118
26.830000000000	-0.88161702883437	-0.41913392657018
26.840000000000	-0.88354392730738	-0.41551588724064
26.850000000000	-0.88543937694331	-0.41191951209881
26.860000000000	-0.88730418421864	-0.40834458865596
26.870000000000	-0.88913984884899	-0.40478993523616
26.880000000000	-0.89093708811716	-0.40125001740681
26.890000000000	-0.89270906081060	-0.39774696124110
26.900000000000	-0.89445513978138	-0.39425888495861
26.910000000000	-0.89617209230338	-0.39079101786653
26.920000000000	-0.89786078163752	-0.38734392990567
26.930000000000	-0.89952182090176	-0.38391764218528
26.940000000000	-0.90115573384245	-0.38051208275932
26.950000000000	-0.90276300667995	-0.37712715383082
26.960000000000	-0.90434410494769	-0.37376274765466
26.970000000000	-0.90589947997608	-0.37041875157152
26.980000000000	-0.90742957178736	-0.36709504996551
26.990000000000	-0.90893481056423	-0.36379152516195
27.000000000000	-0.91041561748607	-0.36050805790326
27.010000000000	-0.91187240525895	-0.35724452763645
27.020000000000	-0.91330557848581	-0.35400081270797
27.027500000000	-0.91436520033611	-0.35158095660298
27.030000000000	-0.91471553394761	-0.35077679050886
27.040000000000	-0.91610266083169	-0.34757233759042
27.050000000000	-0.91746734092670	-0.34438732976101
27.060000000000	-0.91880994879507	-0.34122164216875
27.070000000000	-0.92013085192862	-0.33807514937252
27.080000000000	-0.92143041089072	-0.33494772540118
27.090000000000	-0.92270897944593	-0.33183924379899
27.100000000000	-0.92396690467743	-0.32874957765229
27.106250000000	-0.92474277657954	-0.32682803445770
27.110000000000	-0.92520452709135	-0.32567859958772
27.120000000000	-0.92642218070827	-0.32262618172335
27.130000000000	-0.92762019314691	-0.31959219553740
27.140000000000	-0.92879888572220	-0.31657651158636
27.150000000000	-0.92995857363636	-0.31357899894214
27.160000000000	-0.93109956651574	-0.31059952411243
27.170000000000	-0.93222217008111	-0.30763794911787
27.180000000000	-0.93332669124125	-0.30469412889258
27.185000000000	-0.93387227025132	-0.30322882948663
27.190000000000	-0.93441345179802	-0.30176791235442
27.200000000000	-0.93548281120840	-0.29885916839278
27.210000000000	-0.93653513905344	-0.29596786499476
27.220000000000	-0.93757064382672	-0.29309405199320
27.230000000000	-0.93858939173335	-0.29023759526165
27.240000000000	-0.93959159736140	-0.28739821499145
27.250000000000	-0.94057758677095	-0.28457570928109
27.260000000000	-0.94154767077160	-0.28176994761499
27.270000000000	-0.94250212790603	-0.27898081738489
27.280000000000	-0.94344121736658	-0.27620820559403
27.290000000000	-0.94436518767835	-0.27345199631166
27.300000000000	-0.94527428053960	-0.27071207144461
27.310000000000	-0.94616873239856	-0.26798831169305
27.320000000000	-0.94704877511963	-0.26528059721478
27.330000000000	-0.94791463629302	-0.26258880803892
27.340000000000	-0.94876653940497	-0.25991282431913
27.342500000000	-0.94897736004452	-0.25924628397246
27.350000000000	-0.94960470395359	-0.25725252649140
27.360000000000	-0.95042934554459	-0.25460779537615
27.370000000000	-0.95124067598106	-0.25197851224795
27.380000000000	-0.95203890335347	-0.24936455888633
27.390000000000	-0.95282423213407	-0.24676581761588
27.400000000000	-0.95359686327995	-0.24418217134045
27.410000000000	-0.95435699435202	-0.24161350357464
27.420000000000	-0.95510481966356	-0.23905969847533
27.421250000000	-0.95519744213626	-0.23874151212567
27.430000000000	-0.95584053048668	-0.23652064087526
27.440000000000	-0.95656431537770	-0.23399621632107
27.450000000000	-0.95727636076756	-0.23148631111458
27.460000000000	-0.95797685220408	-0.22899081233698
27.470000000000	-0.95866597743470	-0.22650960771880
27.480000000000	-0.95934393580305	-0.22404258442109
27.490000000000	-0.96001097673058	-0.22158961814369
27.500000000000	-0.96066764911176	-0.21915039087410
27.510000000000	-0.96131082307689	-0.21672221606576
27.520000000000	-0.96194523588596	-0.21431337348639
27.530000000000	-0.96256984754148	-0.21191590215052
27.540000000000	-0.96318404001889	-0.20953173543113
27.550000000000	-0.96378808822912	-0.20716093338651
27.560000000000	-0.96438218049105	-0.20480342258678
27.570000000000	-0.96496648010169	-0.20245910801639
27.580000000000	-0.96554114019620	-0.20012788933243
27.590000000000	-0.96610630828067	-0.19780966477415
27.600000000000	-0.96666212793622	-0.19550433241350
27.605000000000	-0.96693657609325	-0.19435646903414
27.610000000000	-0.96720873957260	-0.19321179063738
27.620000000000	-0.96774628080976	-0.19093193835981
27.630000000000	-0.96827488669603	-0.18866467512487
27.640000000000	-0.96879468984765	-0.18640990116059
27.650000000000	-0.96930582054741	-0.18416751740855
27.660000000000	-0.96980840682066	-0.18193742554077
27.670000000000	-0.97030257449818	-0.17971952796944
27.680000000000	-0.97078844727071	-0.17751372785231
27.690000000000	-0.97126614673828	-0.17531992909541
27.700000000000	-0.97173579245598	-0.17313803635382
27.710000000000	-0.97219750197713	-0.17096795503112
27.720000000000	-0.97265139089471	-0.16880959127764
27.730000000000	-0.97309757288127	-0.16666285198770
27.740000000000	-0.97353615972792	-0.16452764479563
27.750000000000	-0.97396726138229	-0.16240387807046
27.760000000000	-0.97439098598573	-0.16029146090892
27.770000000000	-0.97480743990956	-0.15819030312605
27.780000000000	-0.97521672778997	-0.15610031524261
27.790000000000	-0.97561895256065	-0.15402140846793
27.800000000000	-0.97601421548110	-0.15195349467667
27.810000000000	-0.97640261615685	-0.14989648637728
27.815000000000	-0.97659427382915	-0.14887204460935
27.820000000000	-0.97678425254442	-0.14785029667107
27.830000000000	-0.97715922092852	-0.14581483920320
27.840000000000	-0.97752761585182	-0.14379002811571
27.850000000000	-0.97788952997226	-0.14177577803364
27.860000000000	-0.97824505383356	-0.13977200415569
27.870000000000	-0.97859427559714	-0.13777862257494
27.880000000000	-0.97893728094606	-0.13579555095729
27.890000000000	-0.97927415359041	-0.13382270948438
27.900000000000	-0.97960497672545	-0.13186002140270
27.910000000000	-0.97992983490492	-0.12990741214033
27.920000000000	-0.98024881468282	-0.12796480692788
27.930000000000	-0.98056200306030	-0.12603212872157
27.940000000000	-0.98086948507427	-0.12410929815990
27.950000000000	-0.98117134249476	-0.12219623508291
27.960000000000	-0.98146765398701	-0.12029286003306
27.970000000000	-0.98175849589642	-0.11839909496644
27.980000000000	-0.98204394295010	-0.11651486333388
27.990000000000	-0.98232406867626	-0.11464008990892
28.000000000000	-0.98259894560642	-0.11277470059475
28.010000000000	-0.98286864536849	-0.11091862229283
28.020000000000	-0.98313323875028	-0.10907178284592
28.025000000000	-0.98326364246047	-0.10815180540300
28.030000000000	-0.98339279578778	-0.10723411105046
28.040000000000	-0.98364738593074	-0.10540553673786
28.050000000000	-0.98389707837126	-0.10358599093373
28.060000000000	-0.98414194271936	-0.10177540610615
28.070000000000	-0.98438205046876	-0.099973716456672
28.080000000000	-0.98461747838260	-0.098180857846515
28.090000000000	-0.98484831667294	-0.096396765005752
28.100000000000	-0.98507468713969	-0.094621353468176
28.110000000000	-0.98529674926384	-0.092854430893998
28.120000000000	-0.98551441064207	-0.091095547724489
28.130000000000	-0.98572697125099	-0.089344868927534
28.140000000000	-0.98593485963791	-0.087603157275458
28.150000000000	-0.98613866334132	-0.085870078746469
28.160000000000	-0.98633839681240	-0.084145319637312
28.170000000000	-0.98653403719714	-0.082428762771377
28.180000000000	-0.98672560055582	-0.080720340672665
28.190000000000	-0.98691312312978	-0.079019994400345
28.200000000000	-0.98709664956364	-0.077327665768171
28.210000000000	-0.98727622786220	-0.075643296243024
28.220000000000	-0.98745190723323	-0.073966827049263
28.230000000000	-0.98762373710780	-0.072298199425016
28.235000000000	-0.98770822386854	-0.071466807899529
28.240000000000	-0.98779176665864	-0.070637354852570
28.250000000000	-0.98795604453448	-0.068984235262329
28.260000000000	-0.98811661867830	-0.067338783251845
28.270000000000	-0.98827353614636	-0.065700942393496
28.280000000000	-0.98842684283356	-0.064070657781504
28.290000000000	-0.98857658290902	-0.062447877196647
28.300000000000	-0.98872279738260	-0.060832554033384
28.310000000000	-0.98886551956687	-0.059224656312197
28.320000000000	-0.98900475506434	-0.057624204574442
28.330000000000	-0.98914030549602	-0.056031570183071
28.340000000000	-0.98927470779044	-0.054435271864982
28.350000000000	-0.98940344983148	-0.052863694081402
28.360000000000	-0.98952934250855	-0.051292269594502
28.370000000000	-0.98965213971709	-0.049727558401280
28.380000000000	-0.98977180091074	-0.048169751328726
28.390000000000	-0.98988834635659	-0.046618849863947
28.400000000000	-0.99000180841231	-0.045074820707818
28.410000000000	-0.99011222283463	-0.043537620457125
28.420000000000	-0.99021962638650	-0.042007202088216
28.430000000000	-0.99032405599676	-0.040483517181283
28.440000000000	-0.99042554841527	-0.038966516826180
28.445000000000	-0.99047520457247	-0.038210508044295
28.450000000000	-0.99052414005582	-0.037456152038426
28.460000000000	-0.99061986691956	-0.035952373967879
28.470000000000	-0.99071276455622	-0.034455134010556
28.480000000000	-0.99080286804448	-0.032964383871561
28.490000000000	-0.99089021198228	-0.031480075601743
28.500000000000	-0.99097483048267	-0.030002161619498
28.510000000000	-0.99105675717241	-0.028530594723859
28.520000000000	-0.99113602519193	-0.027065328102308
28.530000000000	-0.99121266719552	-0.025606315335476
28.540000000000	-0.99128671535077	-0.024153510400157
28.550000000000	-0.99135820133665	-0.022706867671914
28.560000000000	-0.99142715633888	-0.021266341928670
28.570000000000	-0.99149361104155	-0.019831888357410
28.580000000000	-0.99155759561318	-0.018403462567621
28.590000000000	-0.99161913968541	-0.016981020618288
28.600000000000	-0.99167827232363	-0.015564519071697
28.610000000000	-0.99173502199447	-0.014153915099917
28.620000000000	-0.99178941655617	-0.012749166693077
28.630000000000	-0.99184148336571	-0.011350233051218
28.640000000000	-0.99189124979127	-0.0099570752346037
28.650000000000	-0.99193874484554	-0.0085696568209888
28.655000000000	-0.99196165099496	-0.0078780890277954
28.660000000000	-0.99198400284572	-0.0071879427750897
28.670000000000	-0.99202706648943	-0.0058118919203891
28.680000000000	-0.99206797668965	-0.0044414451417336
28.690000000000	-0.99210675009385	-0.0030765355136524
28.700000000000	-0.99214338648482	-0.0017171176828544
28.710000000000	-0.99217789679446	-0.00036316529609520
28.720000000000	-0.99221030576916	0.00098534872808654
28.730000000000	-0.99224064217539	0.0023284577164804
28.740000000000	-0.99226893392026	0.0036661987360674
28.750000000000	-0.99229520726012	0.0049986101944103
28.760000000000	-0.99231948712703	0.0063257307112700
28.770000000000	-0.99234179751620	0.0076475986992113
28.780000000000	-0.99236216174921	0.0089642522324162
28.790000000000	-0.99238060263249	0.010275729018446
28.800000000000	-0.99239714255037	0.011582066402856
28.810000000000	-0.99241180352055	0.012883301382059
28.820000000000	-0.99242460722794	0.014179470616506
28.830000000000	-0.99243557504620	0.015470610442102
28.840000000000	-0.99244472805175	0.016756756879752
28.850000000000	-0.99245208703316	0.018037945643471
28.860000000000	-0.99245767249746	0.019314212147579
28.870000000000	-0.99246150467418	0.020585591513488
28.880000000000	-0.99246360351755	0.021852118576473
28.890000000000	-0.99246398870691	0.023113827892781
28.900000000000	-0.99246267964516	0.024370753747344
28.910000000000	-0.99245969545472	0.025622930162324
28.920000000000	-0.99245505497016	0.026870390906589
28.930000000000	-0.99244877672600	0.028113169506030
28.940000000000	-0.99244087893755	0.029351299254213
28.950000000000	-0.99243137947131	0.030584813221968
28.960000000000	-0.99242029580029	0.031813744262760
28.970000000000	-0.99240764493711	0.033038125007065
28.980000000000	-0.99239344333672	0.034257987832072
28.990000000000	-0.99237770676055	0.035473364779867
29.000000000000	-0.99236045010371	0.036684287374448
29.010000000000	-0.99234168721970	0.037890786253444
29.020000000000	-0.99232143086788	0.039092890497949
29.030000000000	-0.99229969310171	0.040290626580769
29.040000000000	-0.99227648669493	0.041484017152668
29.050000000000	-0.99225182820801	0.042673080735271
29.060000000000	-0.99222574199316	0.043857834503912
29.070000000000	-0.99219826130721	0.045038301400969
29.075000000000	-0.99218400941429	0.045626937915222
29.080000000000	-0.99216942182880	0.046214517221604
29.090000000000	-0.99213925048347	0.047386529181198
29.100000000000	-0.99210776034948	0.048554385673265
29.110000000000	-0.99207495550472	0.049718127480675
29.120000000000	-0.99204083864470	0.050877786581815
29.130000000000	-0.99200541524359	0.052033389464532
29.140000000000	-0.99196869412888	0.053184960478080
29.150000000000	-0.99193068656568	0.054332523699495
29.160000000000	-0.99189140521676	0.055476103621232
29.170000000000	-0.99185086340256	0.056615725253104
29.180000000000	-0.99180907466208	0.057751414014311
29.190000000000	-0.99176605251738	0.058883195584853
29.200000000000	-0.99172181035695	0.060011095775322
29.210000000000	-0.99167636138316	0.061135140427871
29.220000000000	-0.99162971859261	0.062255355345467
29.230000000000	-0.99158189477258	0.063371766242883
29.240000000000	-0.99153290250485	0.064484398713309
29.250000000000	-0.99148275417254	0.065593278205835
29.260000000000	-0.99143146196786	0.066698430010386
29.270000000000	-0.99137903789973	0.067799879247766
29.280000000000	-0.99132549380105	0.068897650863190
29.290000000000	-0.99127084133523	0.069991769622204
29.300000000000	-0.99121509200234	0.071082260108267
29.310000000000	-0.99115825714475	0.072169146721470
29.320000000000	-0.99110034795237	0.073252453678065
29.330000000000	-0.99104137546780	0.074332205010554
29.340000000000	-0.99098135059128	0.075408424568192
29.350000000000	-0.99092028408581	0.076481136017808
29.360000000000	-0.99085818658242	0.077550362844867
29.370000000000	-0.99079506858594	0.078616128354787
29.380000000000	-0.99073094048138	0.079678455674530
29.385000000000	-0.99069850085293	0.080208337191937
29.390000000000	-0.99066581254139	0.080737367754563
29.400000000000	-0.99059969493514	0.081792887371366
29.410000000000	-0.99053259773924	0.082845037130824
29.420000000000	-0.99046453095165	0.083893839473045
29.430000000000	-0.99039550450966	0.084939316679579
29.440000000000	-0.99032552831392	0.085981490884694
29.450000000000	-0.99025461226074	0.087020384093683
29.460000000000	-0.99018276628654	0.088056018213473
29.470000000000	-0.99011000042896	0.089088415105262
29.480000000000	-0.99003632491050	0.090117596677306
29.487500000000	-0.98998047761906	0.090887386095448
29.490000000000	-0.98996175024901	0.091143585052353
29.500000000000	-0.98988628738964	0.092166402876012
29.510000000000	-0.98980994781447	0.093186073892607
29.520000000000	-0.98973274345999	0.094202624017754
29.530000000000	-0.98965468589264	0.095216083249202
29.540000000000	-0.98957578317969	0.096226488540694
29.550000000000	-0.98949603097811	0.097233885594380
29.560000000000	-0.98941539519980	0.098238319119255
29.570000000000	-0.98933380599862	0.099239791132851
29.580000000000	-0.98925122414202	0.10023821719445
29.590000000000	-0.98916773264853	0.10123350766699
29.600000000000	-0.98908345915990	0.10222569040371
29.610000000000	-0.98899845720982	0.10321485882300
29.620000000000	-0.98891272179468	0.10420108493297
29.630000000000	-0.98882623664070	0.10518440864082
29.640000000000	-0.98873899141358	0.10616485336468
29.650000000000	-0.98865098262338	0.10714243661684
29.660000000000	-0.98856221131200	0.10811717434040
29.670000000000	-0.98847268114307	0.10908908230890
29.680000000000	-0.98838239724386	0.11005817643809
29.690000000000	-0.98829136556293	0.11102447273327
29.700000000000	-0.98819959252720	0.11198798711133
29.710000000000	-0.98810708486763	0.11294873515097
29.720000000000	-0.98801384954185	0.11390673174119
29.730000000000	-0.98791989371248	0.11486199052667
29.740000000000	-0.98782522474196	0.11581452292243
29.750000000000	-0.98772985010982	0.11676433616452
29.760000000000	-0.98763377689028	0.11771142901690
29.770000000000	-0.98753700913702	0.11865578108277
29.780000000000	-0.98743953408127	0.11959732195851
29.790000000000	-0.98734123040824	0.12053582859011
29.795000000000	-0.98729155637037	0.12100376969479
29.800000000000	-0.98724100557468	0.12147077776902
29.810000000000	-0.98713686609413	0.12240775785467
29.820000000000	-0.98703948140133	0.12334210989699
29.830000000000	-0.98693991188763	0.12427091609121
29.840000000000	-0.98683888729767	0.12519712939801
29.850000000000	-0.98673695296213	0.12612090112322
29.860000000000	-0.98663426519149	0.12704222354128
29.870000000000	-0.98653088316518	0.12796109248158
29.880000000000	-0.98642683548287	0.12887751173600
29.890000000000	-0.98632213896415	0.12979148988596
29.897500000000	-0.98624319783711	0.13047537822994
29.900000000000	-0.98621680515792	0.13070303818610
29.910000000000	-0.98611084296875	0.13161216940191
29.920000000000	-0.98600425984682	0.13251889717168
29.930000000000	-0.98589706237804	0.13342323564449
29.940000000000	-0.98578925659878	0.13432519926691
29.950000000000	-0.98568084817383	0.13522480265261
29.960000000000	-0.98557184250237	0.13612206050009
29.970000000000	-0.98546224478369	0.13701698753917
29.980000000000	-0.98535206005949	0.13790959849544
29.990000000000	-0.98524129324213	0.13879990806606
30.000000000000	-0.98512994913397	0.13968793090302
