#Parameters = {L=6; d=0.018; h=0.508; h_air=12; w=2.75}
#"Frequency / GHz"	"SZmax(2),Zmax(2) [Real/Imaginary Part] [Re]"	"SZmax(2),Zmax(2) [Real/Imaginary Part] [Im]"
#-------------------------------------------------------------------------------------------------------------
20.000000000000	-0.60712894506762	0.78909603200424
20.010000000000	-0.60630974167339	0.78970824959577
20.020000000000	-0.60548773740274	0.79032118491546
20.030000000000	-0.60466291244177	0.79093483732440
20.040000000000	-0.60383524374260	0.79154920531505
20.050000000000	-0.60300470093385	0.79216428717580
20.060000000000	-0.60217123607847	0.79278008719573
20.070000000000	-0.60133476674768	0.79339665342567
20.080000000000	-0.60049526717076	0.79401421280867
20.090000000000	-0.59965322815207	0.79463286154015
20.100000000000	-0.59880864503954	0.79525189421832
20.110000000000	-0.59796097459495	0.79587139418803
20.120000000000	-0.59711020581307	0.79649159939676
20.130000000000	-0.59625638981729	0.79711255908236
20.140000000000	-0.59539954061906	0.79773427662663
20.150000000000	-0.59453965361072	0.79835674958823
20.156250000000	-0.59400067631804	0.79874617787068
20.160000000000	-0.59367671655087	0.79897997597548
20.170000000000	-0.59281071386868	0.79960395479814
20.180000000000	-0.59194162837795	0.80022868582549
20.190000000000	-0.59106944201053	0.80085416933078
20.200000000000	-0.59019413615453	0.80148040591302
20.210000000000	-0.58931569182076	0.80210739638197
20.220000000000	-0.58843408972935	0.80273514168450
20.230000000000	-0.58754931035679	0.80336364285685
20.240000000000	-0.58666133396237	0.80399290099301
20.250000000000	-0.58577014060324	0.80462291722340
20.260000000000	-0.58487571014317	0.80525369270007
20.270000000000	-0.58397802225738	0.80588522858621
20.280000000000	-0.58307705643505	0.80651752604851
20.290000000000	-0.58217279198043	0.80715058625158
20.300000000000	-0.58126520801293	0.80778441035362
20.310000000000	-0.58035428346658	0.80841899950310
20.312500000000	-0.58012602787815	0.80857776646258
20.320000000000	-0.57943999708907	0.80905435483612
20.330000000000	-0.57852232744049	0.80969047747423
20.340000000000	-0.57760125289180	0.81032736852264
20.350000000000	-0.57667675162318	0.81096502906871
20.360000000000	-0.57574880162220	0.81160346018056
20.370000000000	-0.57481738068194	0.81224266290592
20.380000000000	-0.57388246639896	0.81288263827105
20.390000000000	-0.57294403617123	0.81352338727972
20.400000000000	-0.57200206719596	0.81416491091226
20.410000000000	-0.57105653646736	0.81480721012471
20.420000000000	-0.57010742077438	0.81545028584790
20.430000000000	-0.56915469669828	0.81609413898663
20.440000000000	-0.56819834061023	0.81673877041881
20.450000000000	-0.56723832866872	0.81738418099460
20.460000000000	-0.56627463681698	0.81803037153556
20.468750000000	-0.56542836869255	0.81859642869746
20.470000000000	-0.56530724078022	0.81867734283372
20.480000000000	-0.56433611606280	0.81932509565062
20.490000000000	-0.56336123794521	0.81997363071629
20.500000000000	-0.56238258148100	0.82062294872805
20.510000000000	-0.56140012149343	0.82127305034925
20.520000000000	-0.56041383257203	0.82192393620770
20.530000000000	-0.55942368906886	0.82257560689381
20.540000000000	-0.55842966509465	0.82322806295834
20.550000000000	-0.55743173451471	0.82388130490948
20.560000000000	-0.55642987094473	0.82453533320916
20.570000000000	-0.55542404774658	0.82519014826821
20.580000000000	-0.55441423802446	0.82584575044004
20.590000000000	-0.55340041462177	0.82650214001231
20.600000000000	-0.55238255011978	0.82715931719631
20.610000000000	-0.55136061683930	0.82781728211342
20.620000000000	-0.55033458684766	0.82847603477903
20.625000000000	-0.54982002679043	0.82880570648897
20.630000000000	-0.54930443197406	0.82913557508478
20.640000000000	-0.54827012383709	0.82979590278246
20.650000000000	-0.54723163388809	0.83045701747609
20.660000000000	-0.54618893347123	0.83111891863378
20.670000000000	-0.54514199389365	0.83178160563541
20.680000000000	-0.54409078648492	0.83244507787239
20.690000000000	-0.54303528260723	0.83310933490275
20.700000000000	-0.54197545356897	0.83377437663330
20.710000000000	-0.54091127041524	0.83444020345742
20.720000000000	-0.53984270363168	0.83510681625610
20.730000000000	-0.53876972287247	0.83577421621162
20.740000000000	-0.53769229684242	0.83644240448407
20.750000000000	-0.53661039338910	0.83711138188762
20.760000000000	-0.53552397974420	0.83778114869819
20.770000000000	-0.53443302278999	0.83845170463519
20.780000000000	-0.53333748925156	0.83912304896880
20.781250000000	-0.53320022410803	0.83920702239572
20.790000000000	-0.53223734578312	0.83979518067181
20.800000000000	-0.53113255896975	0.84046809855458
20.810000000000	-0.53002309528283	0.84114180135760
20.820000000000	-0.52890892102105	0.84181628780213
20.830000000000	-0.52779000225489	0.84249155661011
20.840000000000	-0.52666630478153	0.84316760650569
20.850000000000	-0.52553779409090	0.84384443620749
20.860000000000	-0.52440443534048	0.84452204441744
20.870000000000	-0.52326619333641	0.84520042980906
20.880000000000	-0.52212303251815	0.84587959101657
20.890000000000	-0.52097491694469	0.84655952662488
20.900000000000	-0.51982181028058	0.84724023516006
20.910000000000	-0.51866367578035	0.84792171507933
20.920000000000	-0.51750047627008	0.84860396475878
20.930000000000	-0.51633217412486	0.84928698247641
20.937500000000	-0.51545257600922	0.84979974868504
20.940000000000	-0.51515873124160	0.84997076638648
20.950000000000	-0.51398010900747	0.85065531447870
20.960000000000	-0.51279626826719	0.85134062451255
20.970000000000	-0.51160716929923	0.85202669391264
20.980000000000	-0.51041277182481	0.85271351960746
20.990000000000	-0.50921303510040	0.85340109779876
21.000000000000	-0.50800791818595	0.85408942367904
21.010000000000	-0.50679738051918	0.85477849120708
21.020000000000	-0.50558138288124	0.85546829323982
21.030000000000	-0.50435988853182	0.85615882253274
21.040000000000	-0.50313286361053	0.85685007396259
21.050000000000	-0.50190027542454	0.85754204718657
21.060000000000	-0.50066208845962	0.85823474736001
21.070000000000	-0.49941826079525	0.85892818216562
21.080000000000	-0.49816874416304	0.85962235707665
21.090000000000	-0.49691348727040	0.86031727268190
21.093750000000	-0.49644127557526	0.86057805632554
21.100000000000	-0.49565243919180	0.86101292524090
21.110000000000	-0.49438555086661	0.86170930871596
21.120000000000	-0.49311277500736	0.86240641650189
21.130000000000	-0.49183406541951	0.86310424233304
21.140000000000	-0.49054937635611	0.86380278059182
21.150000000000	-0.48925866209195	0.86450202635087
21.160000000000	-0.48796187669695	0.86520197537206
21.170000000000	-0.48665897394013	0.86590262419074
21.180000000000	-0.48534990725535	0.86660397039013
21.190000000000	-0.48403462968290	0.86730601322395
21.200000000000	-0.48271309359224	0.86800875491328
21.210000000000	-0.48138524956455	0.86871220332978
21.220000000000	-0.48005104218965	0.86941637751706
21.230000000000	-0.47871039413239	0.87012131755842
21.240000000000	-0.47736314725597	0.87082708462331
21.250000000000	-0.47600892959859	0.87153359805914
21.260000000000	-0.47464760578018	0.87224008826165
21.270000000000	-0.47328030965878	0.87294643741876
21.280000000000	-0.47190697876305	0.87365371522983
21.290000000000	-0.47052698026052	0.87436196100181
21.300000000000	-0.46914013202676	0.87507097612580
21.310000000000	-0.46774638501844	0.87578066340008
21.320000000000	-0.46634570160038	0.87649098022620
21.330000000000	-0.46493803869534	0.87720190467173
21.340000000000	-0.46352334792330	0.87791342267818
21.350000000000	-0.46210157722245	0.87862552333236
21.360000000000	-0.46067267201579	0.87933819700067
21.370000000000	-0.45923657591985	0.88005143453500
21.380000000000	-0.45779323116391	0.88076522690982
21.390000000000	-0.45634257884009	0.88147956504492
21.400000000000	-0.45488455905465	0.88219443971342
21.406250000000	-0.45396952842527	0.88264150466114
21.410000000000	-0.45341911102102	0.88290984149069
21.420000000000	-0.45194617311727	0.88362576072411
21.430000000000	-0.45046568292141	0.88434218751355
21.440000000000	-0.44897757723255	0.88505911169781
21.450000000000	-0.44748179208277	0.88577652284416
21.460000000000	-0.44597826274263	0.88649441023978
21.470000000000	-0.44446692372238	0.88721276288420
21.480000000000	-0.44294770877009	0.88793156948226
21.490000000000	-0.44142055086752	0.88865081843755
21.500000000000	-0.43988538222427	0.88937049784592
21.510000000000	-0.43834213427057	0.89009059548931
21.520000000000	-0.43679073764898	0.89081109882966
21.530000000000	-0.43523112220500	0.89153199500310
21.540000000000	-0.43366321697671	0.89225327081450
21.550000000000	-0.43208695018324	0.89297491273255
21.560000000000	-0.43050224921182	0.89369690688561
21.562500000000	-0.43010474753897	0.89387745880236
21.570000000000	-0.42890904060295	0.89441923905886
21.580000000000	-0.42730725003262	0.89514189469327
21.590000000000	-0.42569680229003	0.89586485888743
21.600000000000	-0.42407762124768	0.89658811640356
21.610000000000	-0.42244962981788	0.89731165168003
21.620000000000	-0.42081274988433	0.89803544885278
21.630000000000	-0.41916690218476	0.89875949178853
21.640000000000	-0.41751200609309	0.89948376412666
21.650000000000	-0.41584797918392	0.90020824929982
21.660000000000	-0.41417473630608	0.90093293038125
21.670000000000	-0.41249218756351	0.90165778907454
21.680000000000	-0.41080023447364	0.90238280085906
21.690000000000	-0.40909876987911	0.90310791551481
21.700000000000	-0.40738773411175	0.90383302340227
21.710000000000	-0.40566722557899	0.90455810864889
21.718750000000	-0.40415394586156	0.90519271483440
21.720000000000	-0.40393715275920	0.90528338673499
21.730000000000	-0.40219724505507	0.90600883479349
21.740000000000	-0.40044739006729	0.90673434256638
21.750000000000	-0.39868752005556	0.90745985772696
21.760000000000	-0.39691755839356	0.90818535179119
21.770000000000	-0.39513741990129	0.90891080126334
21.780000000000	-0.39334701457995	0.90963618294150
21.790000000000	-0.39154624955360	0.91036147293156
21.800000000000	-0.38973502994570	0.91108664649084
21.810000000000	-0.38791325927590	0.91181167803951
21.820000000000	-0.38608083964288	0.91253654119206
21.830000000000	-0.38423767180691	0.91326120877903
21.840000000000	-0.38238365522198	0.91398565285642
21.850000000000	-0.38051868803975	0.91470984470513
21.860000000000	-0.37864266709509	0.91543375482419
21.870000000000	-0.37675548787715	0.91615735292121
21.875000000000	-0.37580768087780	0.91651902527667
21.880000000000	-0.37485704448637	0.91688060790481
21.890000000000	-0.37294722957724	0.91760348788599
21.900000000000	-0.37102593428718	0.91832596019913
21.910000000000	-0.36909304815746	0.91904799145869
21.920000000000	-0.36714845906416	0.91976954767202
21.930000000000	-0.36519205320036	0.92049059442559
21.940000000000	-0.36322371518183	0.92121109713562
21.950000000000	-0.36124332836666	0.92193102128669
21.960000000000	-0.35925077542806	0.92265033247395
21.970000000000	-0.35724593903816	0.92336899599854
21.980000000000	-0.35522870225796	0.92408697591045
21.990000000000	-0.35319894817051	0.92480423382092
22.000000000000	-0.35115655872154	0.92552072818069
22.010000000000	-0.34910141337705	0.92623641451358
22.020000000000	-0.34703338835542	0.92695124638585
22.030000000000	-0.34495235667233	0.92766517643661
22.031250000000	-0.34469130674858	0.92775435191048
22.040000000000	-0.34285818867681	0.92837815697737
22.050000000000	-0.34075075263973	0.92909014010785
22.060000000000	-0.33862991515730	0.92980107754420
22.070000000000	-0.33649554134131	0.93051092036029
22.080000000000	-0.33434749486014	0.93121961875289
22.090000000000	-0.33218563790198	0.93192712186505
22.100000000000	-0.33000983110788	0.93263337766394
22.110000000000	-0.32781993349985	0.93333833285833
22.120000000000	-0.32561580241429	0.93404193284083
22.130000000000	-0.32339729344358	0.93474412164454
22.140000000000	-0.32116426038535	0.93544484190704
22.150000000000	-0.31891655519796	0.93614403483768
22.160000000000	-0.31665402796059	0.93684164018581
22.170000000000	-0.31437652683656	0.93753759620873
22.180000000000	-0.31208389803893	0.93823183963864
22.187500000000	-0.31035440527480	0.93875135938396
22.190000000000	-0.30977598579738	0.93892430564839
22.200000000000	-0.30745263232612	0.93961492781573
22.210000000000	-0.30511367779214	0.94030363808622
22.220000000000	-0.30275896028370	0.94099036673464
22.230000000000	-0.30038831577884	0.94167504232496
22.240000000000	-0.29800157811373	0.94235759166898
22.250000000000	-0.29559857895079	0.94303793978341
22.260000000000	-0.29317914774646	0.94371600984571
22.270000000000	-0.29074311171877	0.94439172314841
22.280000000000	-0.28829029581435	0.94506499905203
22.290000000000	-0.28582052267515	0.94573575493657
22.300000000000	-0.28333361260475	0.94640390615147
22.310000000000	-0.28082938353419	0.94706936596409
22.320000000000	-0.27830765098746	0.94773204550657
22.330000000000	-0.27576822804649	0.94839185372107
22.340000000000	-0.27321092531588	0.94904869730324
22.343750000000	-0.27224728807073	0.94929422988809
22.350000000000	-0.27063555088715	0.94970248064388
22.360000000000	-0.26804191030276	0.95035310576865
22.370000000000	-0.26542980651990	0.95100047227561
22.380000000000	-0.26279903987411	0.95164447727050
22.390000000000	-0.26014940804302	0.95228501529928
22.400000000000	-0.25748070601042	0.95292197827779
22.410000000000	-0.25479272603114	0.95355525541776
22.420000000000	-0.25208525759739	0.95418473314870
22.430000000000	-0.24935808740788	0.95481029503438
22.440000000000	-0.24661099934166	0.95543182168270
22.450000000000	-0.24384377444018	0.95604919064684
22.460000000000	-0.24105619090410	0.95666227631513
22.470000000000	-0.23824802411623	0.95727094978652
22.480000000000	-0.23541904671269	0.95787507872939
22.490000000000	-0.23256902874463	0.95847452722685
22.500000000000	-0.22969773801319	0.95906915563365
22.510000000000	-0.22680494073653	0.95965882054386
22.520000000000	-0.22389040282413	0.96024337520755
22.530000000000	-0.22095389204306	0.96082267145909
22.540000000000	-0.21799518021493	0.96139656604628
22.550000000000	-0.21501403785778	0.96196493594398
22.560000000000	-0.21201019725360	0.96252769121325
22.570000000000	-0.20898329511108	0.96308471231033
22.580000000000	-0.20593296311331	0.96363573286561
22.590000000000	-0.20285898281054	0.96418045209396
22.600000000000	-0.19976118100025	0.96471867845901
22.610000000000	-0.19663932771804	0.96525026715773
22.620000000000	-0.19349315336784	0.96577506108032
22.630000000000	-0.19032237457022	0.96629288438922
22.640000000000	-0.18712670348956	0.96680354816162
22.650000000000	-0.18390584976330	0.96730685450535
22.652500000000	-0.18309666727680	0.96743150762304
22.660000000000	-0.18065952045378	0.96780259854720
22.670000000000	-0.17738741966195	0.96829056926907
22.680000000000	-0.17408924817855	0.96877054980853
22.690000000000	-0.17076470322314	0.96924231751603
22.700000000000	-0.16741347825451	0.96970564389930
22.710000000000	-0.16403526283026	0.97016029451290
22.720000000000	-0.16062974249848	0.97060602881915
22.730000000000	-0.15719659871066	0.97104260003270
22.740000000000	-0.15373550874865	0.97146975495416
22.750000000000	-0.15024614566113	0.97188723379556
22.760000000000	-0.14672817820683	0.97229476999881
22.770000000000	-0.14318127080269	0.97269209004773
22.780000000000	-0.13960508347576	0.97307891327401
22.790000000000	-0.13599927181827	0.97345495165714
22.800000000000	-0.13236348694545	0.97381990961879
22.805000000000	-0.13053424429283	0.97399813895490
22.810000000000	-0.12869737545599	0.97417348381178
22.820000000000	-0.12500057939530	0.97451536290444
22.830000000000	-0.12127273622146	0.97484522736134
22.840000000000	-0.11751347877396	0.97516274922207
22.850000000000	-0.11372243524454	0.97546759188082
22.860000000000	-0.10989922914809	0.97575940987067
22.870000000000	-0.10604347928870	0.97603784865832
22.880000000000	-0.10215479970994	0.97630254445585
22.890000000000	-0.098232799607467	0.97655312405404
22.900000000000	-0.094277083165645	0.97678920467001
22.910000000000	-0.090287249261527	0.97701039376731
22.920000000000	-0.086262890986154	0.97721628873194
22.930000000000	-0.082203595029171	0.97740647618103
22.940000000000	-0.078108941244085	0.97758053065619
22.950000000000	-0.073978503070514	0.97773801279749
22.957500000000	-0.070856931670367	0.97784497587562
22.960000000000	-0.069811849360458	0.97787846793673
22.970000000000	-0.065608546904053	0.97800142652191
22.980000000000	-0.061368161611144	0.97810640647169
22.990000000000	-0.057090257199721	0.97819291543403
23.000000000000	-0.052774392694502	0.97826045104492
23.010000000000	-0.048420120710516	0.97830849943863
23.020000000000	-0.044026987102957	0.97833653340072
23.030000000000	-0.039594531427001	0.97834401101238
23.040000000000	-0.035122287594709	0.97833037484044
23.050000000000	-0.030609784490102	0.97829505141923
23.060000000000	-0.026056546624725	0.97823745077542
23.070000000000	-0.021462095243825	0.97815696574930
23.080000000000	-0.016825951266207	0.97805297049625
23.090000000000	-0.012147646719387	0.97792481471019
23.100000000000	-0.0074268017509843	0.97777177081584
23.110000000000	-0.0026606263146375	0.97759148092099
23.120000000000	0.0021463557760537	0.97738893397797
23.130000000000	0.0069983486715174	0.97715746292165
23.140000000000	0.011895202394812	0.97689834732220
23.150000000000	0.016837340305747	0.97661084758318
23.160000000000	0.021825265058815	0.97629418751603
23.170000000000	0.026859497183122	0.97594756804486
23.180000000000	0.031940565268421	0.97557016751376
23.190000000000	0.037069003302535	0.97516114111462
23.200000000000	0.042245349649461	0.97471962020034
23.210000000000	0.047470146518491	0.97424471156797
23.220000000000	0.052743939602729	0.97373549672240
23.230000000000	0.058067277777248	0.97319103112117
23.240000000000	0.063440712813254	0.97261034339996
23.250000000000	0.068864799088122	0.97199243457882
23.260000000000	0.074340093280536	0.97133627725021
23.270000000000	0.079867154043621	0.97064081475206
23.280000000000	0.085446541650907	0.96990496033277
23.290000000000	0.091078817612005	0.96912759632255
23.300000000000	0.096764544261901	0.96830757334153
23.310000000000	0.10250428435327	0.96744370960541
23.320000000000	0.10829860076943	0.96653479044114
23.330000000000	0.11414805675935	0.96557956814206
23.332500000000	0.11561910247719	0.96533337834436
23.340000000000	0.12005321783755	0.96457676184238
23.350000000000	0.12601465708924	0.96352505430844
23.360000000000	0.13203295837245	0.96242307647059
23.370000000000	0.13810868982756	0.96126938873105
23.380000000000	0.14424236926128	0.96006251869137
23.390000000000	0.15043451017278	0.95880100106434
23.400000000000	0.15668565626462	0.95748333613701
23.410000000000	0.16299635781140	0.95610796398721
23.415000000000	0.16617421145575	0.95539813511562
23.420000000000	0.16936715606563	0.95467327011361
23.430000000000	0.17579858138848	0.95317759093593
23.440000000000	0.18229115388037	0.95161921479929
23.450000000000	0.18884538346501	0.94999638111722
23.460000000000	0.19546176936451	0.94830727899109
23.470000000000	0.20214079921326	0.94655004570683
23.480000000000	0.20888294796150	0.94472276520497
23.490000000000	0.21568867663890	0.94282346653913
23.500000000000	0.22255843100820	0.94085012232085
23.510000000000	0.22949264012005	0.93880064714618
23.520000000000	0.23649171477198	0.93667289600076
23.530000000000	0.24355604587018	0.93446466264154
23.540000000000	0.25068600269096	0.93217367795431
23.550000000000	0.25788193103738	0.92979760828726
23.560000000000	0.26514415128612	0.92733405376125
23.567500000000	0.27063449781495	0.92542749398420
23.570000000000	0.27247295631883	0.92478054655800
23.580000000000	0.27986860933228	0.92213454918797
23.590000000000	0.28733134152039	0.91939345274012
23.600000000000	0.29486134962172	0.91655457511600
23.610000000000	0.30245879332448	0.91361515925148
23.620000000000	0.31012379252107	0.91057237132988
23.630000000000	0.31785642440233	0.90742329899109
23.640000000000	0.32565672038028	0.90416494954277
23.650000000000	0.33352466282424	0.90079424818196
23.660000000000	0.34146018158853	0.89730803623942
23.670000000000	0.34946315029604	0.89370306946831
23.680000000000	0.35753338230936	0.88997601641977
23.690000000000	0.36567062624091	0.88612345700477
23.700000000000	0.37387456062613	0.88214188151607
23.710000000000	0.38214478664626	0.87802769102930
23.720000000000	0.39048081487483	0.87377720317318
23.730000000000	0.39888202723196	0.86938668904541
23.740000000000	0.40734753467076	0.86485279670072
23.750000000000	0.41588133537188	0.86017042711320
23.760000000000	0.42447300301730	0.85533415473672
23.770000000000	0.43312795172281	0.85034303477212
23.780000000000	0.44184429167080	0.84519138391498
23.790000000000	0.45062070297716	0.83987475608830
23.800000000000	0.45945586329123	0.83438864532387
23.810000000000	0.46834834679032	0.82872844537735
23.820000000000	0.47729659818178	0.82288944558721
23.830000000000	0.48629891957234	0.81686683018516
23.840000000000	0.49535346036552	0.81065567830707
23.850000000000	0.50445820789668	0.80425096434958
23.860000000000	0.51361097812001	0.79764755863588
23.870000000000	0.52280940610154	0.79084022841002
23.880000000000	0.53205093621663	0.78382363919162
23.890000000000	0.54133281200515	0.77659235652672
23.900000000000	0.55065206566124	0.76914084817327
23.910000000000	0.56000550714708	0.76146348676230
23.920000000000	0.56938971292788	0.75355455297882
23.930000000000	0.57880101433324	0.74540823931086
23.940000000000	0.58823548556066	0.73701865442003
23.950000000000	0.59768893135683	0.72837982819704
23.960000000000	0.60715687445794	0.71948571758206
23.970000000000	0.61663454299521	0.71033021326739
23.980000000000	0.62611685848033	0.70090714748130
23.990000000000	0.63559842664774	0.69121030318384
24.000000000000	0.64507354256606	0.68123342397118
24.010000000000	0.65453629806947	0.67097017965920
24.020000000000	0.66397986127551	0.66041266272044
24.030000000000	0.67339605882470	0.64955847214524
24.040000000000	0.68278035211629	0.63839853034346
24.050000000000	0.69212383294264	0.62692678080625
24.060000000000	0.70141841227325	0.61513710299678
24.070000000000	0.71065557891188	0.60302331866280
24.080000000000	0.71982636189400	0.59057930110407
24.090000000000	0.72892131713129	0.57779901118579
24.100000000000	0.73793051398993	0.56467652368227
24.110000000000	0.74684352177243	0.55120605276101
24.120000000000	0.75564939651045	0.53738197849458
24.130000000000	0.76433666833848	0.52319887496319
24.140000000000	0.77289332965603	0.50865154017157
24.150000000000	0.78130682426785	0.49373502789389
24.155000000000	0.78545580782960	0.48613686272527
24.160000000000	0.78956403769253	0.47844468151338
24.170000000000	0.79765128883734	0.46277616989579
24.180000000000	0.80555432324593	0.44672552531104
24.190000000000	0.81325830813112	0.43028918339209
24.200000000000	0.82074782939951	0.41346402509048
24.210000000000	0.82800689084716	0.39624742056321
24.220000000000	0.83501891564351	0.37863727492939
24.230000000000	0.84176675013496	0.36063207592864
24.240000000000	0.84823266999386	0.34223094378083
24.250000000000	0.85439838910479	0.32343368395361
24.260000000000	0.86024507262485	0.30424084354407
24.270000000000	0.86575335673525	0.28465377050191
24.280000000000	0.87090337642792	0.26467467226639
24.290000000000	0.87567479858375	0.24430667033533
24.300000000000	0.88004685572903	0.22355385198257
24.310000000000	0.88399837993639	0.20242132390108
24.320000000000	0.88750784055252	0.18091527014555
24.330000000000	0.89055338826158	0.15904301336197
24.340000000000	0.89311290258171	0.13681308105646
24.350000000000	0.89516401734926	0.11423531471170
24.360000000000	0.89668484095447	0.091323459209476
24.370000000000	0.89765246963663	0.068080634253543
24.380000000000	0.89804371161507	0.044530886085351
24.390000000000	0.89783699713175	0.020685676976950
24.400000000000	0.89701001385244	-0.0034381788997516
24.410000000000	0.89554085339340	-0.027822405037006
24.420000000000	0.89340802328602	-0.052447193877953
24.430000000000	0.89059054545961	-0.077291180748505
24.440000000000	0.88706806876817	-0.10233143073604
24.450000000000	0.88282098807026	-0.12754343538878
24.460000000000	0.87783056793640	-0.15290111918586
24.470000000000	0.87207906991368	-0.17837685628172
24.480000000000	0.86554988239949	-0.20394149812975
24.490000000000	0.85822765213735	-0.22956441257219
24.500000000000	0.85009841626799	-0.25521353491872
24.510000000000	0.84114973377960	-0.28085543144650
24.520000000000	0.83137081511512	-0.30645537564302
24.530000000000	0.82075264861671	-0.33197743738618
24.540000000000	0.80928812242215	-0.35738458511159
24.550000000000	0.79697214037729	-0.38263880086060
24.560000000000	0.78380173049531	-0.40770120793371
24.570000000000	0.76977614447832	-0.43253221069707
24.580000000000	0.75489694681997	-0.45709164591166
24.590000000000	0.73916809202909	-0.48133894478201
24.600000000000	0.72259598855491	-0.50523330477825
24.610000000000	0.70518954807331	-0.52873387020630
24.620000000000	0.68696021899165	-0.55179992054906
24.630000000000	0.66792200360736	-0.57439106577224
24.640000000000	0.64809145982496	-0.59646744758645
24.650000000000	0.62748769046205	-0.61798994311415
24.660000000000	0.60613232096305	-0.63892036064758
24.670000000000	0.58404945175919	-0.65922161674030
24.680000000000	0.56126556521026	-0.67885790986406
24.690000000000	0.53780940537042	-0.69779491981440
24.700000000000	0.51371186785307	-0.71600001595639
24.710000000000	0.48900589200182	-0.73344243828880
24.720000000000	0.46372633111569	-0.75009345079257
24.730000000000	0.43790979823546	-0.76592648005643
24.740000000000	0.41159449499952	-0.78091724268226
24.750000000000	0.38482002881734	-0.79504385913599
24.760000000000	0.35762722098936	-0.80828695141429
24.770000000000	0.33005790758918	-0.82062972284525
24.780000000000	0.30215473490021	-0.83205801907085
24.790000000000	0.27396095132518	-0.84256036971508
24.800000000000	0.24552019777557	-0.85212801056644
24.810000000000	0.21687629857378	-0.86075488637244
24.820000000000	0.18807305487076	-0.86843763458454
24.830000000000	0.15915404250255	-0.87517555060505
24.840000000000	0.13016241608692	-0.88097053525411
24.850000000000	0.10114072098607	-0.88582702524407
24.860000000000	0.072130714510543	-0.88975190726034
24.870000000000	0.043173197332555	-0.89275441521677
24.880000000000	0.014307855376991	-0.89484600568904
24.890000000000	-0.014426887110993	-0.89604018161019
24.900000000000	-0.042993935119971	-0.89635201775306
24.910000000000	-0.071351502222990	-0.89579775436924
24.920000000000	-0.099481045317678	-0.89440830938249
24.930000000000	-0.12733897780848	-0.89218731875446
24.940000000000	-0.15489594185572	-0.88916448564926
24.950000000000	-0.18212383060111	-0.88536304022658
24.960000000000	-0.20899584896898	-0.88080739822420
24.970000000000	-0.23548698999325	-0.87552295921368
24.980000000000	-0.26157410873869	-0.86953593010578
24.990000000000	-0.28723593775016	-0.86287316885024
25.000000000000	-0.31245308113154	-0.85556203575366
25.010000000000	-0.33720799423092	-0.84763024605242
25.020000000000	-0.36148494832537	-0.83910571004504
25.030000000000	-0.38526996114269	-0.83001629945155
25.040000000000	-0.40855045162933	-0.82038908848682
25.050000000000	-0.43129860780722	-0.81024776735086
25.060000000000	-0.45355851859672	-0.79965388825761
25.070000000000	-0.47527229994156	-0.78858403446886
25.080000000000	-0.49644826785181	-0.77709055218787
25.090000000000	-0.51708306957739	-0.76519850548893
25.100000000000	-0.53717378206366	-0.75293373944720
25.110000000000	-0.55671866137406	-0.74032174302706
25.120000000000	-0.57571714066469	-0.72738743702321
25.130000000000	-0.59416976782093	-0.71415508961275
25.140000000000	-0.61207813307967	-0.70064826537308
25.150000000000	-0.62944479485761	-0.68688978872066
25.156250000000	-0.64002537382811	-0.67817278179503
25.160000000000	-0.64627320598345	-0.67290171633488
25.170000000000	-0.66256764122066	-0.65870531649574
25.180000000000	-0.67833312656769	-0.64432105428861
25.190000000000	-0.69357537064539	-0.62976858200205
25.200000000000	-0.70830069836745	-0.61506673422340
25.210000000000	-0.72251598700634	-0.60023352728975
25.220000000000	-0.73622860476478	-0.58528616297299
25.230000000000	-0.74944635224101	-0.57024103658051
25.234375000000	-0.75507558049389	-0.56363206641230
25.240000000000	-0.76217740810108	-0.55511374965361
25.250000000000	-0.77443028157720	-0.53991912577016
25.260000000000	-0.78621377271928	-0.52467122368773
25.270000000000	-0.79753693241937	-0.50938334199753
25.280000000000	-0.80840901042393	-0.49406802387063
25.290000000000	-0.81883939873997	-0.47873707879298
25.300000000000	-0.82883758951105	-0.46340161699783
25.310000000000	-0.83841314740855	-0.44807207960163
25.312500000000	-0.84074212628809	-0.44424178263833
25.320000000000	-0.84757568502482	-0.43275826089025
25.330000000000	-0.85633483673152	-0.41746932821012
25.340000000000	-0.86470023234540	-0.40221384283370
25.350000000000	-0.87268147230493	-0.38699978216135
25.360000000000	-0.88028810504012	-0.37183456270434
25.370000000000	-0.88752960660932	-0.35672506334268
25.380000000000	-0.89441536247390	-0.34167764854132
25.390000000000	-0.90095465124519	-0.32669819133829
25.400000000000	-0.90715663024808	-0.31179209598666
25.410000000000	-0.91303032276166	-0.29696432016825
25.420000000000	-0.91858460681064	-0.28221939671672
25.430000000000	-0.92382820539078	-0.26756145480085
25.440000000000	-0.92876967801906	-0.25299424052872
25.450000000000	-0.93341741350436	-0.23852113694117
25.460000000000	-0.93777962383879	-0.22414518337000
25.468750000000	-0.94136865529878	-0.21164805882776
25.470000000000	-0.94186433911161	-0.20986909414181
25.480000000000	-0.94567940334723	-0.19569527661137
25.490000000000	-0.94923247116193	-0.18162584850667
25.500000000000	-0.95253100511593	-0.16766265455238
25.510000000000	-0.95558227359606	-0.15380728228194
25.520000000000	-0.95839334899181	-0.14006107675688
25.530000000000	-0.96097110591830	-0.12642515325989
25.540000000000	-0.96332222033666	-0.11290040491506
25.546875000000	-0.96481051878956	-0.10366698679984
25.550000000000	-0.96545317990982	-0.099487498579265
25.560000000000	-0.96737035120045	-0.086186884673728
25.570000000000	-0.96908001099324	-0.072998996860845
25.580000000000	-0.97058796984347	-0.059924240292851
25.590000000000	-0.97189977900467	-0.046962564933680
25.600000000000	-0.97302099824956	-0.034113759727960
25.610000000000	-0.97395702507793	-0.021377561451539
25.620000000000	-0.97471305679244	-0.0087536061136670
25.625000000000	-0.97502514681589	-0.0024835752247722
25.630000000000	-0.97529410218756	0.0037585816693623
25.640000000000	-0.97570499059231	0.016159583393310
25.650000000000	-0.97595037739225	0.028450078797751
25.660000000000	-0.97603474811919	0.040630838088162
25.670000000000	-0.97596242202275	0.052702714641397
25.680000000000	-0.97573755545615	0.064666638198429
25.690000000000	-0.97536414519369	0.076523608498663
25.700000000000	-0.97484603171998	0.088274689313818
25.710000000000	-0.97418690250169	0.099921002846460
25.720000000000	-0.97339029524253	0.11146372446201
25.730000000000	-0.97245960111713	0.12290407772112
25.740000000000	-0.97139806797486	0.13424332967094
25.750000000000	-0.97020880348739	0.14548278633467
25.760000000000	-0.96889477815899	0.15662378831284
25.770000000000	-0.96745882796513	0.16766770642051
25.780000000000	-0.96590365608467	0.17861593755369
25.781250000000	-0.96570100630267	0.17997780894068
25.790000000000	-0.96423183318105	0.18946990205906
25.800000000000	-0.96244579811282	0.20023104534641
25.810000000000	-0.96054786612207	0.21090084205795
25.820000000000	-0.95854024386399	0.22148078944476
25.830000000000	-0.95642503148030	0.23197238979955
25.840000000000	-0.95420421188633	0.24237714487687
25.850000000000	-0.95187964785596	0.25269656173235
25.859375000000	-0.94960770378705	0.26229485792772
25.860000000000	-0.94945308708116	0.26293215555682
25.870000000000	-0.94692616725445	0.27308544810029
25.880000000000	-0.94430041931807	0.28315796498793
25.890000000000	-0.94157726967393	0.29315123331214
25.900000000000	-0.93875804199000	0.30306677963685
25.910000000000	-0.93584395884654	0.31290612829247
25.920000000000	-0.93283614328833	0.32267079985875
25.930000000000	-0.92973562029218	0.33236230977647
25.937500000000	-0.92734995081049	0.33958383792304
25.940000000000	-0.92654331814579	0.34198216705543
25.950000000000	-0.92326006973201	0.35153187305987
25.960000000000	-0.91988661371432	0.36101292035868
25.970000000000	-0.91642359562079	0.37042679163070
25.980000000000	-0.91287156882548	0.37977495861664
25.990000000000	-0.90923099542787	0.38905888110979
26.000000000000	-0.90550224703350	0.39828000597833
26.010000000000	-0.90168560544320	0.40743976621342
26.020000000000	-0.89778126326451	0.41653958000274
26.030000000000	-0.89378932446804	0.42558084984316
26.040000000000	-0.88970980491592	0.43456496174319
26.050000000000	-0.88554263285635	0.44349328464201
26.060000000000	-0.88128764920928	0.45236717027028
26.070000000000	-0.87694460702040	0.46118795356089
26.080000000000	-0.87251316906624	0.46995695271738
26.090000000000	-0.86799290416625	0.47867546632126
26.093750000000	-0.86627479978147	0.48193215378236
26.100000000000	-0.86338328682504	0.48734476679266
26.110000000000	-0.85868370278290	0.49596609660530
26.120000000000	-0.85389345332696	0.50454067159977
26.130000000000	-0.84901175314539	0.51306968506952
26.140000000000	-0.84403772593425	0.52155430766884
26.150000000000	-0.83897040156859	0.52999568497040
26.160000000000	-0.83380871467201	0.53839493500369
26.170000000000	-0.82855150352379	0.54675314627687
26.171875000000	-0.82755504129264	0.54831582847923
26.180000000000	-0.82319750874873	0.55507137601769
26.190000000000	-0.81774537153713	0.56335064828778
26.200000000000	-0.81219363096026	0.57159195154327
26.210000000000	-0.80654071866961	0.57979623470747
26.220000000000	-0.80078494186860	0.58796439935676
26.230000000000	-0.79492438104570	0.59609730207005
26.240000000000	-0.78895684522689	0.60419685050279
26.250000000000	-0.78288277635941	0.61226215773951
26.260000000000	-0.77669713696906	0.62029417959803
26.270000000000	-0.77039860002724	0.62829424922629
26.280000000000	-0.76398492843559	0.63626291069276
26.290000000000	-0.75745367210945	0.64420073014984
26.300000000000	-0.75080224475159	0.65210823677373
26.310000000000	-0.74402792846819	0.65998590567571
26.320000000000	-0.73712787137200	0.66783415031224
26.330000000000	-0.73009908390813	0.67565331712756
26.340000000000	-0.72293843474550	0.68344368068433
26.350000000000	-0.71564264640053	0.69120543875294
26.360000000000	-0.70820829063095	0.69893870715784
26.370000000000	-0.70063178360759	0.70664351428248
26.380000000000	-0.69290938086429	0.71431979517101
26.390000000000	-0.68503717202426	0.72196738517778
26.400000000000	-0.67701107530096	0.72958601311969
26.410000000000	-0.66882683177234	0.73717529388685
26.420000000000	-0.66047999942794	0.74473472046522
26.430000000000	-0.65196594698992	0.75226365532216
26.440000000000	-0.64327984751018	0.75976132110253
26.450000000000	-0.63441667174763	0.76722679057891
26.460000000000	-0.62537118133172	0.77465897579529
26.470000000000	-0.61613792172064	0.78205661633875
26.480000000000	-0.60671121496553	0.78941826666848
26.490000000000	-0.59708515229522	0.79674228242580
26.500000000000	-0.58725358653994	0.80402680564301
26.510000000000	-0.57721012441698	0.81126974876222
26.520000000000	-0.56694811870622	0.81846877736869
26.530000000000	-0.55646066035008	0.82562129153547
26.540000000000	-0.54574057051902	0.83272440566885
26.550000000000	-0.53478039269266	0.83977492673555
26.560000000000	-0.52357238481626	0.84676933074428
26.570000000000	-0.51210851160512	0.85370373734511
26.580000000000	-0.50038043708463	0.86057388240046
26.590000000000	-0.48837951747439	0.86737508837044
26.600000000000	-0.47609679455354	0.87410223233934
26.610000000000	-0.46352298968427	0.88074971148205
26.620000000000	-0.45064849872416	0.88731140570564
26.630000000000	-0.43746338809804	0.89378063705029
26.640000000000	-0.42395739218797	0.90015012511217
26.650000000000	-0.41011991147021	0.90641193734956
26.660000000000	-0.39594000882094	0.91255743390210
26.670000000000	-0.38140640049603	0.91857721189464
26.680000000000	-0.36650744907658	0.92446106034580
26.690000000000	-0.35123118111550	0.93019791802798
26.700000000000	-0.33556532287349	0.93577580091156
26.710000000000	-0.31949731657128	0.94118170523656
26.720000000000	-0.30301432195970	0.94640152033195
26.730000000000	-0.28610322851980	0.95141995035838
26.740000000000	-0.26875068177018	0.95622043073185
26.750000000000	-0.25094311865246	0.96078503521786
26.760000000000	-0.23266681016138	0.96509437478998
26.770000000000	-0.21390791191041	0.96912748932889
26.780000000000	-0.19465252405724	0.97286173256796
26.790000000000	-0.17488676216216	0.97627265039323
26.800000000000	-0.15459684063409	0.97933385256968
26.810000000000	-0.13376917053799	0.98201687805078
26.820000000000	-0.11239047369602	0.98429105417362
26.830000000000	-0.090447915199332	0.98612335023147
26.840000000000	-0.067929256649173	0.98747822614943
26.850000000000	-0.044823032657388	0.98831747727293
26.860000000000	-0.021118753350747	0.98860007662147
26.870000000000	0.0031928641655268	0.98828201637005
26.880000000000	0.028119632232658	0.98731615080850
26.890000000000	0.053667593626048	0.98565204360511
26.900000000000	0.079840683646716	0.98323582287565
26.910000000000	0.10664034978175	0.98001004834308
26.920000000000	0.13406512540475	0.97591359577618
26.930000000000	0.16211015410243	0.97088156492488
26.940000000000	0.19076666147459	0.96484521833086
26.950000000000	0.22002137170084	0.95773195968375
26.960000000000	0.24985586684981	0.94946536180986
26.970000000000	0.28024588788028	0.93996525590463
26.980000000000	0.31116057761140	0.92914789522469
26.990000000000	0.34256166769147	0.91692620809350
27.000000000000	0.37440261384276	0.90321015668301
27.010000000000	0.40662768647742	0.88790721951951
27.020000000000	0.43917102723390	0.87092301690588
27.030000000000	0.47195568612835	0.85216209929910
27.040000000000	0.50489265888234	0.83152891893894
27.050000000000	0.53787994957029	0.80892900446098
27.060000000000	0.57080168996337	0.78427035658018
27.070000000000	0.60352735369217	0.75746507991826
27.080000000000	0.63591111034893	0.72843126141417
27.090000000000	0.66779137146173	0.69709509944311
27.100000000000	0.69899058603942	0.66339328069196
27.110000000000	0.72931534600874	0.62727560117017
27.120000000000	0.75855686202531	0.58870790580559
27.130000000000	0.78649348226534	0.54767681185402
27.140000000000	0.81288832418153	0.50417812885426
27.150000000000	0.83749141354013	0.45825574682651
27.155000000000	0.84904330908074	0.43440132091704
27.160000000000	0.86005128960459	0.40996344108782
27.165000000000	0.87048390320686	0.38495536100714
27.167500000000	0.87547449964524	0.37224066987997
27.170000000000	0.88030353021221	0.35939105433137
27.171250000000	0.88266530723278	0.35291328909055
27.172500000000	0.88498104567783	0.34640373919827
27.173750000000	0.88725707504906	0.33986053075397
27.175000000000	0.88948980688928	0.33328444145479
27.180000000000	0.89799742279675	0.30665489361965
27.190000000000	0.91286758024972	0.25192285635241
27.200000000000	0.92466604943071	0.19537599133800
27.210000000000	0.93316027815065	0.13724533047744
27.220000000000	0.93813632189891	0.077791393243084
27.230000000000	0.93940647196321	0.017308573619221
27.240000000000	0.93681490354631	-0.043879274519400
27.250000000000	0.93024297336814	-0.10542292823858
27.260000000000	0.91961388033291	-0.16695311884322
27.270000000000	0.90489639687724	-0.22808683166218
27.280000000000	0.88610744537677	-0.28843438170222
27.290000000000	0.86331334143608	-0.34760701255583
27.300000000000	0.83662958994831	-0.40522472252586
27.310000000000	0.80621919643579	-0.46092399716686
27.320000000000	0.77228954096899	-0.51436512488369
27.330000000000	0.73508795012097	-0.56523878741467
27.340000000000	0.69489617219492	-0.61327163514486
27.350000000000	0.65202396266261	-0.65823061205296
27.360000000000	0.60680201598276	-0.69992597675687
27.370000000000	0.55957466581675	-0.73821303470575
27.380000000000	0.51069271847909	-0.77299247776168
27.390000000000	0.46050659492091	-0.80420937953372
27.400000000000	0.40935999041369	-0.83185105537611
27.410000000000	0.35758426333923	-0.85594399384299
27.420000000000	0.30549369120282	-0.87655006479864
27.430000000000	0.25338166301164	-0.89376221970024
27.440000000000	0.20151782186937	-0.90769989653975
27.450000000000	0.15014612545615	-0.91850432313062
27.460000000000	0.099483758070523	-0.92633387813144
27.470000000000	0.049720832755163	-0.93135962431643
27.480000000000	0.0010208911319884	-0.93376119590998
27.490000000000	-0.046478145856510	-0.93372343985294
27.500000000000	-0.092663204023255	-0.93143318973273
27.510000000000	-0.13744435986057	-0.92707592714902
27.520000000000	-0.18075266025528	-0.92083354806730
27.530000000000	-0.22253822012697	-0.91288262598131
27.540000000000	-0.26276829019546	-0.90339291804545
27.550000000000	-0.30142528628360	-0.89252621957205
27.560000000000	-0.33850486225437	-0.88043555543302
27.570000000000	-0.37401407458808	-0.86726466204810
27.580000000000	-0.40796966592146	-0.85314771390136
27.590000000000	-0.44039648364102	-0.83820925227915
27.600000000000	-0.47132604183593	-0.82256427781976
27.610000000000	-0.50079522897912	-0.80631847250398
27.620000000000	-0.52884515917879	-0.78956852085894
27.630000000000	-0.55552016150539	-0.77240250426294
27.636250000000	-0.57151449319659	-0.76149829933253
27.640000000000	-0.58086689956485	-0.75490034618836
27.650000000000	-0.60493361198029	-0.73713428990058
27.660000000000	-0.62776946359978	-0.71916939347360
27.670000000000	-0.64942399691767	-0.70106402995661
27.680000000000	-0.66994667325721	-0.68287038311967
27.690000000000	-0.68938649360333	-0.66463493143326
27.700000000000	-0.70779168951086	-0.64639891481628
27.710000000000	-0.72520947517360	-0.62819878025206
27.720000000000	-0.74168585246955	-0.61006660365435
27.730000000000	-0.75726546155626	-0.59203048639932
27.740000000000	-0.77199147034545	-0.57411492575879
27.750000000000	-0.78590549691723	-0.55634115910218
27.760000000000	-0.79904755962203	-0.53872748220237
27.770000000000	-0.81145605024650	-0.52128954229179
27.772500000000	-0.81444789562960	-0.51695911967768
27.780000000000	-0.82316772614228	-0.50404060664660
27.790000000000	-0.83421771747664	-0.48699180732669
27.800000000000	-0.84463954502362	-0.47015236203329
27.810000000000	-0.85446513850714	-0.45352977035209
27.820000000000	-0.86372482055575	-0.43713000071022
27.830000000000	-0.87244725090275	-0.42095786148315
27.840000000000	-0.88066019154352	-0.40501741475147
27.850000000000	-0.88839035651260	-0.38931054495815
27.860000000000	-0.89566204683973	-0.37383838961193
27.870000000000	-0.90249855451857	-0.35860176560754
27.880000000000	-0.90892211214921	-0.34360069425244
27.890000000000	-0.91495379189767	-0.32883451610646
27.900000000000	-0.92061354318990	-0.31430200649273
27.908750000000	-0.92527559660298	-0.30177641083809
27.910000000000	-0.92592024756613	-0.30000145900909
27.920000000000	-0.93089177281443	-0.28593075382233
27.930000000000	-0.93554502489130	-0.27208741677842
27.940000000000	-0.93989599769571	-0.25846867152732
27.950000000000	-0.94395982079140	-0.24507148574963
27.960000000000	-0.94775080511696	-0.23189261220608
27.970000000000	-0.95128248670007	-0.21892862517853
27.980000000000	-0.95456766839056	-0.20617595278784
27.990000000000	-0.95761845963443	-0.19363090561686
28.000000000000	-0.96044631432096	-0.18128970202079
28.010000000000	-0.96306206674441	-0.16914849046900
28.020000000000	-0.96547596573078	-0.15720336922715
28.030000000000	-0.96769770698612	-0.14545040365834
28.040000000000	-0.96973646372848	-0.13388564139403
28.045000000000	-0.97068995383493	-0.12817259983788
28.050000000000	-0.97160091566892	-0.12250512560038
28.060000000000	-0.97329927640954	-0.11130490654320
28.070000000000	-0.97483931932769	-0.10028105163431
28.080000000000	-0.97622840201603	-0.089429654123587
28.090000000000	-0.97747348934824	-0.078746840584517
28.100000000000	-0.97858117523936	-0.068228777326023
28.110000000000	-0.97955770316956	-0.057871675849473
28.120000000000	-0.98040898553902	-0.047671797456991
28.130000000000	-0.98114062192134	-0.037625457104406
28.140000000000	-0.98175791628148	-0.027729026578960
28.150000000000	-0.98226589322124	-0.017978937067180
28.160000000000	-0.98266931330755	-0.0083716811622125
28.170000000000	-0.98297268752175	0.0010961856541551
28.180000000000	-0.98318029084023	0.010428044022422
28.181250000000	-0.98319971150652	0.011585129091266
28.190000000000	-0.98329617492479	0.019627210152897
28.200000000000	-0.98332417989585	0.028696935594729
28.210000000000	-0.98326794522263	0.037640407145913
28.220000000000	-0.98313091989362	0.046460746729702
28.230000000000	-0.98291637213222	0.055161011200785
28.240000000000	-0.98262739886553	0.063744192241562
28.250000000000	-0.98226693494614	0.072213216583709
28.260000000000	-0.98183776195159	0.080570946666816
28.270000000000	-0.98134251638602	0.088820181656224
28.280000000000	-0.98078369723346	0.096963658650874
28.290000000000	-0.98016367292583	0.10500405394301
28.300000000000	-0.97948468782678	0.11294398426702
28.310000000000	-0.97874886831630	0.12078600803022
28.317500000000	-0.97816092179464	0.12660478147660
28.320000000000	-0.97795822852971	0.12853262653958
28.330000000000	-0.97711467578139	0.13618628523926
28.340000000000	-0.97622001569106	0.14374937496684
28.350000000000	-0.97527595702573	0.15122423323005
28.360000000000	-0.97428411626912	0.15861314550143
28.370000000000	-0.97324602193081	0.16591834652678
28.380000000000	-0.97216311860718	0.17314202164229
28.390000000000	-0.97103677080680	0.18028630809561
28.400000000000	-0.96986826655217	0.18735329636649
28.410000000000	-0.96865882076963	0.19434503148317
28.420000000000	-0.96740957847833	0.20126351433125
28.430000000000	-0.96612161778859	0.20811070295227
28.440000000000	-0.96479595271895	0.21488851382961
28.450000000000	-0.96343353583985	0.22159882315942
28.453750000000	-0.96291333864920	0.22409816260130
28.460000000000	-0.96203526075054	0.22824346810462
28.470000000000	-0.96060196439305	0.23482424802914
28.480000000000	-0.95913442920313	0.24134292570847
28.490000000000	-0.95763338509009	0.24780122850847
28.500000000000	-0.95609951122226	0.25420084951388
28.510000000000	-0.95453343756149	0.26054344855810
28.520000000000	-0.95293574601677	0.26683065301423
28.530000000000	-0.95130697092675	0.27306405789316
28.540000000000	-0.94964759834437	0.27924522357375
28.550000000000	-0.94795806480965	0.28537566419046
28.560000000000	-0.94623878102942	0.29145680071907
28.570000000000	-0.94449038552938	0.29748997641055
28.580000000000	-0.94271344540058	0.30347730091046
28.590000000000	-0.94090744766871	0.30942016490274
28.600000000000	-0.93907282043196	0.31531953689495
28.610000000000	-0.93720994151067	0.32117683817062
28.620000000000	-0.93531902566889	0.32699347698912
28.630000000000	-0.93340022894824	0.33277081856701
28.640000000000	-0.93145366955746	0.33851019863411
28.650000000000	-0.92947943187910	0.34421293005671
28.660000000000	-0.92747756752630	0.34988030596290
28.670000000000	-0.92544809580805	0.35551360154867
28.680000000000	-0.92339100404223	0.36111407535973
28.690000000000	-0.92130624780211	0.36668297034348
28.700000000000	-0.91919375111047	0.37222151478917
28.710000000000	-0.91705340658153	0.37773092320689
28.720000000000	-0.91488507550837	0.38321239716973
28.726250000000	-0.91351558243872	0.38662466192854
28.730000000000	-0.91268858789398	0.38866712613079
28.740000000000	-0.91046374242441	0.39409628822178
28.750000000000	-0.90821030638288	0.39950105103700
28.760000000000	-0.90592801550404	0.40488257240503
28.770000000000	-0.90361657376735	0.41024200114979
28.780000000000	-0.90127565312884	0.41558047784224
28.790000000000	-0.89890489319013	0.42089913554353
28.800000000000	-0.89650390080366	0.42619910054048
28.810000000000	-0.89407224961282	0.43148149307401
28.820000000000	-0.89160947952542	0.43674742806105
28.830000000000	-0.88911509611908	0.44199801581060
28.840000000000	-0.88658856997637	0.44723436273417
28.850000000000	-0.88402933594776	0.45245757205130
28.860000000000	-0.88143679234000	0.45766874449023
28.862500000000	-0.88078337775475	0.45896978564854
28.870000000000	-0.87881030002734	0.46286897898433
28.880000000000	-0.87614918148269	0.46805937336428
28.890000000000	-0.87345271972558	0.47324102504649
28.900000000000	-0.87072015718347	0.47841503171771
28.910000000000	-0.86795069446266	0.48358249201601
28.920000000000	-0.86514348902466	0.48874450620819
28.930000000000	-0.86229765376357	0.49390217686360
28.940000000000	-0.85941225547960	0.49905660952408
28.950000000000	-0.85648631324352	0.50420891337019
28.960000000000	-0.85351879664628	0.50936020188305
28.970000000000	-0.85050862392765	0.51451159350182
28.980000000000	-0.84745465997721	0.51966421227625
28.990000000000	-0.84435571420035	0.52481918851394
28.998750000000	-0.84160625758239	0.52933262039265
29.000000000000	-0.84121053824135	0.52997765942193
29.010000000000	-0.83801782355481	0.53514076974239
29.020000000000	-0.83477619881553	0.54030967238231
29.030000000000	-0.83148422715550	0.54548552903766
29.040000000000	-0.82814040321436	0.55066951081298
29.050000000000	-0.82474314998553	0.55586279883825
29.060000000000	-0.82129081543298	0.56106658488473
29.070000000000	-0.81778166884078	0.56628207197850
29.080000000000	-0.81421389683435	0.57151047499637
29.090000000000	-0.81058559898041	0.57675302118307
29.100000000000	-0.80689478285677	0.58201095040595
29.110000000000	-0.80313935861336	0.58728551470811
29.120000000000	-0.79931713368119	0.59257797647476
29.130000000000	-0.79542580968951	0.59788960532005
29.135000000000	-0.79345348862401	0.60055300579713
29.140000000000	-0.79146298366049	0.60322167743764
29.150000000000	-0.78742614858667	0.60857548369334
29.160000000000	-0.78331268170989	0.61395234165601
29.170000000000	-0.77911982395750	0.61935359544426
29.180000000000	-0.77484466790479	0.62478060470907
29.190000000000	-0.77048415531187	0.63023473759501
29.200000000000	-0.76603507425477	0.63571737059915
29.210000000000	-0.76149405232368	0.64122989036949
29.220000000000	-0.75685754726711	0.64677369468399
29.230000000000	-0.75212183646573	0.65235019235069
29.240000000000	-0.74728300572711	0.65796080237670
29.250000000000	-0.74233693744503	0.66360695265929
29.260000000000	-0.73727929803738	0.66929007830231
29.270000000000	-0.73210552455765	0.67501161957375
29.271250000000	-0.73145040056020	0.67572958518862
29.280000000000	-0.72681081037927	0.68077301947851
29.290000000000	-0.72139008985621	0.68657572089948
29.300000000000	-0.71583802186261	0.69242116324833
29.310000000000	-0.71014897210890	0.69831077855927
29.320000000000	-0.70431699412190	0.70424598695228
29.330000000000	-0.69833580876235	0.71022819139210
29.340000000000	-0.69219878213484	0.71625877168246
29.350000000000	-0.68589890173727	0.72233907768895
29.360000000000	-0.67942875076888	0.72847042192503
29.370000000000	-0.67278048095236	0.73465407185408
29.380000000000	-0.66594578567758	0.74089124179061
29.390000000000	-0.65891587643640	0.74718307972084
29.400000000000	-0.65168145404115	0.75353063751132
29.407500000000	-0.64611551170147	0.75832843295107
29.410000000000	-0.64423264871249	0.75993483985313
29.420000000000	-0.63655895829404	0.76639649221624
29.430000000000	-0.62864922785798	0.77291628218727
29.440000000000	-0.62049162127640	0.77949474234379
29.450000000000	-0.61207356768982	0.78613221098684
29.460000000000	-0.60338170203098	0.79282879891375
29.470000000000	-0.59440180451198	0.79958435430952
29.480000000000	-0.58511873714374	0.80639842216205
29.490000000000	-0.57551637577173	0.81327019719298
29.500000000000	-0.56557753687008	0.82019846961405
29.510000000000	-0.55528389862095	0.82718156283179
29.520000000000	-0.54461591588356	0.83421726199496
29.530000000000	-0.53355272867698	0.84130273205861
29.540000000000	-0.52207206381382	0.84843442380875
29.543750000000	-0.51765437838127	0.85111986135043
29.550000000000	-0.51015012934515	0.85560796603850
29.560000000000	-0.49776150151809	0.86281804177863
29.570000000000	-0.48487900401321	0.87005824615396
29.580000000000	-0.47147357932679	0.87732092305508
29.590000000000	-0.45751415230275	0.88459697737277
29.600000000000	-0.44296748601362	0.89187565903258
29.610000000000	-0.42779803045528	0.89914431447931
29.620000000000	-0.41196776487596	0.90638810058535
29.630000000000	-0.39543603503440	0.91358965518269
29.640000000000	-0.37815938730583	0.92072871753596
29.650000000000	-0.36009140237223	0.92778169107283
29.660000000000	-0.34118253229567	0.93472113956222
29.670000000000	-0.32137994615006	0.94151520667712
29.680000000000	-0.30062739115865	0.94812694750069
29.690000000000	-0.27886507855794	0.95451355904965
29.700000000000	-0.25602960631078	0.96062549533036
29.710000000000	-0.23205393447935	0.96640545087485
29.720000000000	-0.20686743372674	0.97178719523466
29.730000000000	-0.18039603324771	0.97669423972262
29.740000000000	-0.15256250161251	0.98103831709768
29.750000000000	-0.12328690248143	0.98471765543259
29.760000000000	-0.092487275648185	0.98761502997415
29.770000000000	-0.060080594989405	0.98959558090558
29.780000000000	-0.025984014528850	0.99050435786750
29.790000000000	0.0098835602718184	0.99016313175394
29.800000000000	0.047597002635482	0.98836649707122
29.810000000000	0.087222104618020	0.98488392893390
29.820000000000	0.12881640699593	0.97945171266101
29.830000000000	0.17241850294474	0.97176910725534
29.840000000000	0.21804226538126	0.96149746130133
29.850000000000	0.26566897855716	0.94825735056303
29.860000000000	0.31523705255709	0.93162680511229
29.870000000000	0.36662962095815	0.91114110838319
29.880000000000	0.41965992706880	0.88629483143460
29.890000000000	0.47405453248092	0.85654703759000
29.900000000000	0.52943465143588	0.82133081821089
29.910000000000	0.58529632192846	0.78006850324100
29.920000000000	0.64099069559287	0.73219397747144
29.930000000000	0.69570647146188	0.67718343500462
29.940000000000	0.74845738084566	0.61459549822046
29.950000000000	0.79807854947623	0.54412077379139
29.960000000000	0.84323631715587	0.46563949340265
29.970000000000	0.88245636729202	0.37928384648738
29.980000000000	0.91417439740995	0.28549908142316
29.990000000000	0.93681162952040	0.18509482028763
30.000000000000	0.94887396651588	0.079276006658835
