Theta [deg.]  Phi   [deg.]  Abs(P   )[W/m^2 ]   Abs(Theta)[W/m^2 ]  Phase(Theta)[deg.]  Abs(Phi  )[W/m^2 ]  Phase(Phi  )[deg.]  Ax.Ratio[      ]    
------------------------------------------------------------------------------------------------------------------------------------------------------
   0.000           0.000            3.366e+00           2.282e-03             289.622           3.363e+00             349.440           4.442e+01     
   1.000           0.000            1.404e+01           1.651e-03             283.090           1.404e+01              18.510           9.263e+01     
   2.000           0.000            3.069e+01           9.911e-04             274.451           3.069e+01              26.971           1.000e+02     
   3.000           0.000            4.175e+01           4.884e-04             262.845           4.175e+01              30.514           1.000e+02     
   4.000           0.000            3.722e+01           1.923e-04             247.434           3.722e+01              32.195           1.000e+02     
   5.000           0.000            1.874e+01           5.354e-05             228.409           1.874e+01              32.934           1.000e+02     
   6.000           0.000            1.796e+00           3.695e-06             208.201           1.796e+00              33.101           1.000e+02     
   7.000           0.000            5.572e+00           1.034e-05              10.153           5.572e+00             212.867           1.000e+02     
   8.000           0.000            3.634e+01           6.907e-05             355.729           3.634e+01             212.325           1.000e+02     
   9.000           0.000            7.758e+01           1.587e-04             344.520           7.758e+01             211.525           1.000e+02     
  10.000           0.000            9.790e+01           2.179e-04             335.608           9.790e+01             210.497           1.000e+02     
  11.000           0.000            7.556e+01           1.825e-04             328.224           7.556e+01             209.258           1.000e+02     
  12.000           0.000            2.448e+01           6.368e-05             321.837           2.448e+01             207.816           1.000e+02     
  13.000           0.000            1.413e+00           3.931e-06             136.093           1.413e+00              26.176           1.000e+02     
  14.000           0.000            8.389e+01           2.478e-04             130.756           8.389e+01              24.338           1.000e+02     
  15.000           0.000            3.270e+02           1.021e-03             125.667           3.270e+02              22.299           1.000e+02     
  16.000           0.000            7.233e+02           2.376e-03             120.709           7.233e+02              20.059           1.000e+02     
  17.000           0.000            1.191e+03           4.106e-03             115.802           1.191e+03              17.616           1.000e+02     
  18.000           0.000            1.600e+03           5.779e-03             110.884           1.600e+03              14.971           1.000e+02     
  19.000           0.000            1.826e+03           6.901e-03             105.911           1.826e+03              12.129           1.000e+02     
  20.000           0.000            1.800e+03           7.115e-03             100.854           1.800e+03               9.101           1.000e+02     
  21.000           0.000            1.538e+03           6.358e-03              95.693           1.538e+03               5.905           1.000e+02     
  22.000           0.000            1.125e+03           4.871e-03              90.418           1.125e+03               2.563           1.000e+02     
  23.000           0.000            6.838e+02           3.104e-03              85.026           6.838e+02             359.107           1.000e+02     
  24.000           0.000            3.203e+02           1.528e-03              79.518           3.203e+02             355.570           1.000e+02     
  25.000           0.000            9.388e+01           4.724e-04              73.894           9.388e+01             351.987           1.000e+02     
  26.000           0.000            5.514e+00           2.940e-05              68.148           5.514e+00             348.389           1.000e+02     
  27.000           0.000            1.209e+01           6.870e-05             242.262           1.209e+01             164.798           1.000e+02     
  28.000           0.000            5.446e+01           3.325e-04             236.207           5.446e+01             161.225           1.000e+02     
  29.000           0.000            8.520e+01           5.649e-04             229.935           8.520e+01             157.663           1.000e+02     
  30.000           0.000            8.418e+01           6.151e-04             223.386           8.418e+01             154.083           1.000e+02     
  31.000           0.000            5.769e+01           4.736e-04             216.494           5.769e+01             150.438           1.000e+02     
  32.000           0.000            2.530e+01           2.393e-04             209.198           2.530e+01             146.655           1.000e+02     
  33.000           0.000            4.291e+00           4.826e-05             201.464           4.291e+00             142.643           1.000e+02     
  34.000           0.000            5.450e-01           7.584e-06              13.301           5.450e-01             318.293           1.000e+02     
  35.000           0.000            8.959e+00           1.615e-04               4.777           8.958e+00             313.492           1.000e+02     
  36.000           0.000            1.998e+01           4.915e-04             356.015           1.998e+01             308.155           1.000e+02     
  37.000           0.000            2.629e+01           9.329e-04             347.161           2.629e+01             302.266           1.000e+02     
  38.000           0.000            2.557e+01           1.394e-03             338.335           2.557e+01             295.962           1.000e+02     
  39.000           0.000            1.953e+01           1.775e-03             329.581           1.953e+01             289.636           1.000e+02     
  40.000           0.000            1.144e+01           1.994e-03             320.838           1.144e+01             284.153           1.000e+02     
  41.000           0.000            4.401e+00           2.011e-03             311.945           4.399e+00             281.833           9.325e+01     
  42.000           0.000            5.905e-01           1.843e-03             302.669           5.886e-01             298.507           1.000e+02     
  43.000           0.000            7.812e-01           1.552e-03             292.785           7.796e-01              48.141           2.481e+01     
  44.000           0.000            4.043e+00           1.217e-03             282.190           4.042e+00              61.137           8.777e+01     
  45.000           0.000            8.051e+00           8.974e-04             271.042           8.050e+00              61.571           1.000e+02     
  46.000           0.000            1.029e+01           6.222e-04             259.810           1.029e+01              60.242           1.000e+02     
  47.000           0.000            9.537e+00           3.956e-04             249.131           9.537e+00              58.474           1.000e+02     
  48.000           0.000            6.474e+00           2.170e-04             239.512           6.474e+00              56.408           1.000e+02     
  49.000           0.000            2.975e+00           9.036e-05             231.120           2.975e+00              53.815           1.000e+02     
  50.000           0.000            6.711e-01           1.996e-05             223.769           6.711e-01              50.219           1.000e+02     
  51.000           0.000            3.782e-05           1.152e-09             216.993           3.782e-05              44.845           1.000e+02     
  52.000           0.000            3.616e-01           1.137e-05              30.091           3.616e-01             216.568           1.000e+02     
  53.000           0.000            9.896e-01           3.021e-05              22.066           9.896e-01             204.212           1.000e+02     
  54.000           0.000            1.616e+00           4.087e-05              11.531           1.616e+00             188.028           1.000e+02     
  55.000           0.000            2.409e+00           4.186e-05             356.950           2.409e+00             171.417           1.000e+02     
  56.000           0.000            3.441e+00           4.049e-05             338.278           3.441e+00             158.431           1.000e+02     
  57.000           0.000            4.354e+00           4.237e-05             319.241           4.354e+00             150.109           1.000e+02     
  58.000           0.000            4.568e+00           4.544e-05             304.439           4.568e+00             145.444           1.000e+02     
  59.000           0.000            3.797e+00           4.295e-05             294.835           3.797e+00             143.210           1.000e+02     
  60.000           0.000            2.350e+00           3.133e-05             289.113           2.350e+00             142.481           1.000e+02     
  61.000           0.000            9.331e-01           1.482e-05             285.825           9.331e-01             142.582           1.000e+02     
  62.000           0.000            1.299e-01           2.477e-06             283.883           1.299e-01             142.933           1.000e+02     
  63.000           0.000            2.685e-02           6.229e-07             102.420           2.685e-02             322.857           1.000e+02     
  64.000           0.000            2.619e-01           7.599e-06             100.515           2.619e-01             321.227           1.000e+02     
  65.000           0.000            4.092e-01           1.555e-05              96.767           4.092e-01             315.524           1.000e+02     
  66.000           0.000            3.503e-01           1.770e-05              88.308           3.502e-01             299.085           1.000e+02     
  67.000           0.000            3.393e-01           1.510e-05              69.016           3.393e-01             262.948           1.000e+02     
  68.000           0.000            7.500e-01           1.709e-05              35.976           7.500e-01             231.235           1.000e+02     
  69.000           0.000            1.733e+00           3.499e-05               9.451           1.733e+00             219.048           1.000e+02     
  70.000           0.000            3.051e+00           7.331e-05             357.535           3.051e+00             216.097           1.000e+02     
  71.000           0.000            4.200e+00           1.248e-04             353.291           4.200e+00             217.089           1.000e+02     
  72.000           0.000            4.701e+00           1.725e-04             352.511           4.701e+00             220.078           1.000e+02     
  73.000           0.000            4.365e+00           1.985e-04             353.318           4.365e+00             224.264           1.000e+02     
  74.000           0.000            3.364e+00           1.924e-04             354.692           3.363e+00             229.299           1.000e+02     
  75.000           0.000            2.104e+00           1.567e-04             355.808           2.104e+00             235.077           1.000e+02     
  76.000           0.000            1.001e+00           1.053e-04             355.546           1.001e+00             241.748           1.000e+02     
  77.000           0.000            3.018e-01           5.612e-05             351.537           3.017e-01             250.268           7.477e+01     
  78.000           0.000            2.444e-02           2.329e-05             337.213           2.442e-02             270.337           3.521e+01     
  79.000           0.000            2.771e-02           1.205e-05             300.523           2.770e-02              60.679           5.544e+01     
  80.000           0.000            1.271e-01           1.815e-05             265.399           1.271e-01              77.530           1.000e+02     
  81.000           0.000            1.924e-01           3.167e-05             252.305           1.923e-01              87.023           1.000e+02     
  82.000           0.000            1.819e-01           4.253e-05             248.828           1.819e-01              95.810           1.000e+02     
  83.000           0.000            1.212e-01           4.480e-05             248.720           1.212e-01             105.136           8.763e+01     
  84.000           0.000            5.596e-02           3.817e-05             249.445           5.592e-02             116.363           5.242e+01     
  85.000           0.000            1.549e-02           2.661e-05             249.246           1.546e-02             133.790           2.671e+01     
  86.000           0.000            2.231e-03           1.528e-05             245.786           2.215e-03             182.443           1.349e+01     
  87.000           0.000            2.544e-03           7.760e-06             235.174           2.536e-03             262.434           3.957e+01     
  88.000           0.000            3.458e-03           4.708e-06             215.644           3.453e-03             288.263           2.838e+01     
  89.000           0.000            1.482e-03           4.430e-06             199.565           1.477e-03             300.765           1.862e+01     
  90.000           0.000            4.671e-06           4.671e-06             198.748           2.151e-32             308.288           1.000e+02     
  91.000           0.000            0.000e+00           0.000e+00               0.000           0.000e+00               0.000           1.000e+02     
  92.000           0.000            0.000e+00           0.000e+00               0.000           0.000e+00               0.000           1.000e+02     
  93.000           0.000            0.000e+00           0.000e+00               0.000           0.000e+00               0.000           1.000e+02     
  94.000           0.000            0.000e+00           0.000e+00               0.000           0.000e+00               0.000           1.000e+02     
  95.000           0.000            0.000e+00           0.000e+00               0.000           0.000e+00               0.000           1.000e+02     
  96.000           0.000            0.000e+00           0.000e+00               0.000           0.000e+00               0.000           1.000e+02     
  97.000           0.000            0.000e+00           0.000e+00               0.000           0.000e+00               0.000           1.000e+02     
  98.000           0.000            0.000e+00           0.000e+00               0.000           0.000e+00               0.000           1.000e+02     
  99.000           0.000            0.000e+00           0.000e+00               0.000           0.000e+00               0.000           1.000e+02     
 100.000           0.000            0.000e+00           0.000e+00               0.000           0.000e+00               0.000           1.000e+02     
 101.000           0.000            0.000e+00           0.000e+00               0.000           0.000e+00               0.000           1.000e+02     
 102.000           0.000            0.000e+00           0.000e+00               0.000           0.000e+00               0.000           1.000e+02     
 103.000           0.000            0.000e+00           0.000e+00               0.000           0.000e+00               0.000           1.000e+02     
 104.000           0.000            0.000e+00           0.000e+00               0.000           0.000e+00               0.000           1.000e+02     
 105.000           0.000            0.000e+00           0.000e+00               0.000           0.000e+00               0.000           1.000e+02     
 106.000           0.000            0.000e+00           0.000e+00               0.000           0.000e+00               0.000           1.000e+02     
 107.000           0.000            0.000e+00           0.000e+00               0.000           0.000e+00               0.000           1.000e+02     
 108.000           0.000            0.000e+00           0.000e+00               0.000           0.000e+00               0.000           1.000e+02     
 109.000           0.000            0.000e+00           0.000e+00               0.000           0.000e+00               0.000           1.000e+02     
 110.000           0.000            0.000e+00           0.000e+00               0.000           0.000e+00               0.000           1.000e+02     
 111.000           0.000            0.000e+00           0.000e+00               0.000           0.000e+00               0.000           1.000e+02     
 112.000           0.000            0.000e+00           0.000e+00               0.000           0.000e+00               0.000           1.000e+02     
 113.000           0.000            0.000e+00           0.000e+00               0.000           0.000e+00               0.000           1.000e+02     
 114.000           0.000            0.000e+00           0.000e+00               0.000           0.000e+00               0.000           1.000e+02     
 115.000           0.000            0.000e+00           0.000e+00               0.000           0.000e+00               0.000           1.000e+02     
 116.000           0.000            0.000e+00           0.000e+00               0.000           0.000e+00               0.000           1.000e+02     
 117.000           0.000            0.000e+00           0.000e+00               0.000           0.000e+00               0.000           1.000e+02     
 118.000           0.000            0.000e+00           0.000e+00               0.000           0.000e+00               0.000           1.000e+02     
 119.000           0.000            0.000e+00           0.000e+00               0.000           0.000e+00               0.000           1.000e+02     
 120.000           0.000            0.000e+00           0.000e+00               0.000           0.000e+00               0.000           1.000e+02     
 121.000           0.000            0.000e+00           0.000e+00               0.000           0.000e+00               0.000           1.000e+02     
 122.000           0.000            0.000e+00           0.000e+00               0.000           0.000e+00               0.000           1.000e+02     
 123.000           0.000            0.000e+00           0.000e+00               0.000           0.000e+00               0.000           1.000e+02     
 124.000           0.000            0.000e+00           0.000e+00               0.000           0.000e+00               0.000           1.000e+02     
 125.000           0.000            0.000e+00           0.000e+00               0.000           0.000e+00               0.000           1.000e+02     
 126.000           0.000            0.000e+00           0.000e+00               0.000           0.000e+00               0.000           1.000e+02     
 127.000           0.000            0.000e+00           0.000e+00               0.000           0.000e+00               0.000           1.000e+02     
 128.000           0.000            0.000e+00           0.000e+00               0.000           0.000e+00               0.000           1.000e+02     
 129.000           0.000            0.000e+00           0.000e+00               0.000           0.000e+00               0.000           1.000e+02     
 130.000           0.000            0.000e+00           0.000e+00               0.000           0.000e+00               0.000           1.000e+02     
 131.000           0.000            0.000e+00           0.000e+00               0.000           0.000e+00               0.000           1.000e+02     
 132.000           0.000            0.000e+00           0.000e+00               0.000           0.000e+00               0.000           1.000e+02     
 133.000           0.000            0.000e+00           0.000e+00               0.000           0.000e+00               0.000           1.000e+02     
 134.000           0.000            0.000e+00           0.000e+00               0.000           0.000e+00               0.000           1.000e+02     
 135.000           0.000            0.000e+00           0.000e+00               0.000           0.000e+00               0.000           1.000e+02     
 136.000           0.000            0.000e+00           0.000e+00               0.000           0.000e+00               0.000           1.000e+02     
 137.000           0.000            0.000e+00           0.000e+00               0.000           0.000e+00               0.000           1.000e+02     
 138.000           0.000            0.000e+00           0.000e+00               0.000           0.000e+00               0.000           1.000e+02     
 139.000           0.000            0.000e+00           0.000e+00               0.000           0.000e+00               0.000           1.000e+02     
 140.000           0.000            0.000e+00           0.000e+00               0.000           0.000e+00               0.000           1.000e+02     
 141.000           0.000            0.000e+00           0.000e+00               0.000           0.000e+00               0.000           1.000e+02     
 142.000           0.000            0.000e+00           0.000e+00               0.000           0.000e+00               0.000           1.000e+02     
 143.000           0.000            0.000e+00           0.000e+00               0.000           0.000e+00               0.000           1.000e+02     
 144.000           0.000            0.000e+00           0.000e+00               0.000           0.000e+00               0.000           1.000e+02     
 145.000           0.000            0.000e+00           0.000e+00               0.000           0.000e+00               0.000           1.000e+02     
 146.000           0.000            0.000e+00           0.000e+00               0.000           0.000e+00               0.000           1.000e+02     
 147.000           0.000            0.000e+00           0.000e+00               0.000           0.000e+00               0.000           1.000e+02     
 148.000           0.000            0.000e+00           0.000e+00               0.000           0.000e+00               0.000           1.000e+02     
 149.000           0.000            0.000e+00           0.000e+00               0.000           0.000e+00               0.000           1.000e+02     
 150.000           0.000            0.000e+00           0.000e+00               0.000           0.000e+00               0.000           1.000e+02     
 151.000           0.000            0.000e+00           0.000e+00               0.000           0.000e+00               0.000           1.000e+02     
 152.000           0.000            0.000e+00           0.000e+00               0.000           0.000e+00               0.000           1.000e+02     
 153.000           0.000            0.000e+00           0.000e+00               0.000           0.000e+00               0.000           1.000e+02     
 154.000           0.000            0.000e+00           0.000e+00               0.000           0.000e+00               0.000           1.000e+02     
 155.000           0.000            0.000e+00           0.000e+00               0.000           0.000e+00               0.000           1.000e+02     
 156.000           0.000            0.000e+00           0.000e+00               0.000           0.000e+00               0.000           1.000e+02     
 157.000           0.000            0.000e+00           0.000e+00               0.000           0.000e+00               0.000           1.000e+02     
 158.000           0.000            0.000e+00           0.000e+00               0.000           0.000e+00               0.000           1.000e+02     
 159.000           0.000            0.000e+00           0.000e+00               0.000           0.000e+00               0.000           1.000e+02     
 160.000           0.000            0.000e+00           0.000e+00               0.000           0.000e+00               0.000           1.000e+02     
 161.000           0.000            0.000e+00           0.000e+00               0.000           0.000e+00               0.000           1.000e+02     
 162.000           0.000            0.000e+00           0.000e+00               0.000           0.000e+00               0.000           1.000e+02     
 163.000           0.000            0.000e+00           0.000e+00               0.000           0.000e+00               0.000           1.000e+02     
 164.000           0.000            0.000e+00           0.000e+00               0.000           0.000e+00               0.000           1.000e+02     
 165.000           0.000            0.000e+00           0.000e+00               0.000           0.000e+00               0.000           1.000e+02     
 166.000           0.000            0.000e+00           0.000e+00               0.000           0.000e+00               0.000           1.000e+02     
 167.000           0.000            0.000e+00           0.000e+00               0.000           0.000e+00               0.000           1.000e+02     
 168.000           0.000            0.000e+00           0.000e+00               0.000           0.000e+00               0.000           1.000e+02     
 169.000           0.000            0.000e+00           0.000e+00               0.000           0.000e+00               0.000           1.000e+02     
 170.000           0.000            0.000e+00           0.000e+00               0.000           0.000e+00               0.000           1.000e+02     
 171.000           0.000            0.000e+00           0.000e+00               0.000           0.000e+00               0.000           1.000e+02     
 172.000           0.000            0.000e+00           0.000e+00               0.000           0.000e+00               0.000           1.000e+02     
 173.000           0.000            0.000e+00           0.000e+00               0.000           0.000e+00               0.000           1.000e+02     
 174.000           0.000            0.000e+00           0.000e+00               0.000           0.000e+00               0.000           1.000e+02     
 175.000           0.000            0.000e+00           0.000e+00               0.000           0.000e+00               0.000           1.000e+02     
 176.000           0.000            0.000e+00           0.000e+00               0.000           0.000e+00               0.000           1.000e+02     
 177.000           0.000            0.000e+00           0.000e+00               0.000           0.000e+00               0.000           1.000e+02     
 178.000           0.000            0.000e+00           0.000e+00               0.000           0.000e+00               0.000           1.000e+02     
 179.000           0.000            0.000e+00           0.000e+00               0.000           0.000e+00               0.000           1.000e+02     
 180.000           0.000            0.000e+00           0.000e+00               0.000           0.000e+00               0.000           1.000e+02     
