#Parameters = {L=6; d=0.018; h=0.508; h_air=12; w=2.75}
#"Frequency / GHz"	"SZmax(2),Zmax(2) [Real/Imaginary Part] [Re]"	"SZmax(2),Zmax(2) [Real/Imaginary Part] [Im]"
#-------------------------------------------------------------------------------------------------------------
20.000000000000	-0.76028860195289	0.64436690863141
20.010000000000	-0.75966376487614	0.64508244589179
20.020000000000	-0.75903632209082	0.64579952227106
20.030000000000	-0.75840625682458	0.64651814356808
20.040000000000	-0.75777355216676	0.64723831556736
20.050000000000	-0.75713819106918	0.64796004402979
20.060000000000	-0.75650015634815	0.64868333468044
20.070000000000	-0.75585943068852	0.64940819319226
20.080000000000	-0.75521599665099	0.65013462516412
20.090000000000	-0.75456983668471	0.65086263609083
20.100000000000	-0.75392093314877	0.65159223132181
20.110000000000	-0.75326926834875	0.65232341600343
20.120000000000	-0.75261482459957	0.65305619499807
20.130000000000	-0.75195758433505	0.65379057277010
20.140000000000	-0.75129753030302	0.65452655322664
20.150000000000	-0.75063464592112	0.65526413950249
20.156250000000	-0.75021889903280	0.65572594736409
20.160000000000	-0.74996891594218	0.65600333369735
20.170000000000	-0.74930032772634	0.65674413665343
20.180000000000	-0.74862887369673	0.65748654814958
20.190000000000	-0.74795455594809	0.65823056884274
20.200000000000	-0.74727739369363	0.65897620817142
20.210000000000	-0.74659742826209	0.65972350897632
20.220000000000	-0.74591469157226	0.66047259886877
20.230000000000	-0.74522906638444	0.66122369314017
20.240000000000	-0.74454019445012	0.66197683001609
20.250000000000	-0.74384786982425	0.66273168139633
20.260000000000	-0.74315226173176	0.66348799703670
20.270000000000	-0.74245355589188	0.66424579739733
20.280000000000	-0.74175180707389	0.66500517662364
20.290000000000	-0.74104700198224	0.66576620292298
20.300000000000	-0.74033910916409	0.66652891536011
20.310000000000	-0.73962809578918	0.66729333635073
20.312500000000	-0.73944985122103	0.66748471032837
20.320000000000	-0.73891393129159	0.66805948006119
20.330000000000	-0.73819658743817	0.66882735668616
20.340000000000	-0.73747603772188	0.66959697449829
20.350000000000	-0.73675225678921	0.67036834082879
20.360000000000	-0.73602522001841	0.67114146254430
20.370000000000	-0.73529490322950	0.67191634628340
20.380000000000	-0.73456128248842	0.67269299857538
20.390000000000	-0.73382433397440	0.67347142590003
20.400000000000	-0.73308403388938	0.67425163471672
20.410000000000	-0.73234035839518	0.67503363147710
20.420000000000	-0.73159328356956	0.67581742262863
20.430000000000	-0.73084278537524	0.67660301461237
20.440000000000	-0.73008883963823	0.67739041385682
20.450000000000	-0.72933142203341	0.67817962676827
20.460000000000	-0.72857050807622	0.67897065971741
20.468750000000	-0.72790182089081	0.67966431151548
20.470000000000	-0.72780607312042	0.67976351902144
20.480000000000	-0.72703809236307	0.68055821092015
20.490000000000	-0.72626654085921	0.68135474154364
20.500000000000	-0.72549139355129	0.68215311686853
20.510000000000	-0.72471262532282	0.68295334265811
20.520000000000	-0.72393021109307	0.68375542438070
20.530000000000	-0.72314412598497	0.68455936710071
20.540000000000	-0.72235434562653	0.68536517534173
20.550000000000	-0.72156084670216	0.68617285294409
20.560000000000	-0.72076360797714	0.68698240301853
20.570000000000	-0.71996261220206	0.68779382835341
20.580000000000	-0.71915784949323	0.68860713341331
20.590000000000	-0.71834932222333	0.68942233122345
20.600000000000	-0.71753704620632	0.69023946261019
20.610000000000	-0.71672102192182	0.69105863140079
20.620000000000	-0.71590113151071	0.69187999384201
20.625000000000	-0.71548964783830	0.69229151343463
20.630000000000	-0.71507709194314	0.69270355930921
20.640000000000	-0.71424875058624	0.69352907559611
20.650000000000	-0.71341623029567	0.69435636067867
20.660000000000	-0.71257966098801	0.69518543692043
20.670000000000	-0.71173907077450	0.69601638184966
20.680000000000	-0.71089443448564	0.69684925185681
20.690000000000	-0.71004571279113	0.69768407982687
20.700000000000	-0.70919286546163	0.69852088521112
20.710000000000	-0.70833585418210	0.69935968083311
20.720000000000	-0.70747464252189	0.70020047635398
20.730000000000	-0.70660919538888	0.70104327992447
20.740000000000	-0.70573947853208	0.70188809896807
20.750000000000	-0.70486545817956	0.70273494055711
20.760000000000	-0.70398710079078	0.70358381159637
20.770000000000	-0.70310437288973	0.70443471891366
20.780000000000	-0.70221724095186	0.70528766930448
20.781250000000	-0.70210603812660	0.70539443209489
20.790000000000	-0.70132567132634	0.70614266955372
20.800000000000	-0.70042963018169	0.70699972644553
20.810000000000	-0.69952908346680	0.70785884676720
20.820000000000	-0.69862399688244	0.70872003730998
20.830000000000	-0.69771433585981	0.70958330486839
20.840000000000	-0.69680006554411	0.71044865623881
20.850000000000	-0.69588115078152	0.71131609821786
20.860000000000	-0.69495755610876	0.71218563760067
20.870000000000	-0.69402924574442	0.71305728117933
20.880000000000	-0.69309618358172	0.71393103574142
20.890000000000	-0.69215833318232	0.71480690806877
20.900000000000	-0.69121565777104	0.71568490493647
20.910000000000	-0.69026812023128	0.71656503311216
20.920000000000	-0.68931568310112	0.71744729935558
20.930000000000	-0.68835830857010	0.71833171041861
20.937500000000	-0.68763701455923	0.71899643031122
20.940000000000	-0.68739595847667	0.71921827304571
20.950000000000	-0.68642859430634	0.72010699397507
20.960000000000	-0.68545617719071	0.72099787994045
20.970000000000	-0.68447866790748	0.72189093767429
20.980000000000	-0.68349602688174	0.72278617391212
20.990000000000	-0.68250821418866	0.72368359539915
21.000000000000	-0.68151518955813	0.72458320889966
21.010000000000	-0.68051691238165	0.72548502121050
21.020000000000	-0.67951334172205	0.72638903918053
21.030000000000	-0.67850443632664	0.72729526973868
21.040000000000	-0.67749015464412	0.72820371993495
21.050000000000	-0.67647045484547	0.72911439700106
21.060000000000	-0.67544529484758	0.73002730844121
21.070000000000	-0.67441463233579	0.73094246216986
21.080000000000	-0.67337842477433	0.73185986672413
21.090000000000	-0.67233662937849	0.73277953159462
21.093750000000	-0.67194450669973	0.73312499083421
21.100000000000	-0.67128920298547	0.73370146774460
21.110000000000	-0.67023610167883	0.73462568841966
21.120000000000	-0.66917727983274	0.73555221036741
21.130000000000	-0.66811268783250	0.73648105548173
21.140000000000	-0.66704226693738	0.73741225225835
21.150000000000	-0.66596593881116	0.73834583407003
21.160000000000	-0.66488358916446	0.73928182470259
21.170000000000	-0.66379506193742	0.74022019342378
21.180000000000	-0.66270022237698	0.74116079074039
21.190000000000	-0.66159910915707	0.74210339559536
21.200000000000	-0.66049193917642	0.74304794839025
21.210000000000	-0.65937884799251	0.74399461902057
21.220000000000	-0.65825977775777	0.74494359611109
21.230000000000	-0.65713459316302	0.74589496763536
21.240000000000	-0.65600317213495	0.74684875012762
21.250000000000	-0.65486542161092	0.74780493425985
21.260000000000	-0.65372126826765	0.74876350629743
21.270000000000	-0.65257064890549	0.74972445448747
21.280000000000	-0.65141350454255	0.75068777002379
21.290000000000	-0.65024977722977	0.75165344670073
21.300000000000	-0.64907940843900	0.75262148055505
21.310000000000	-0.64790233838230	0.75359186976586
21.320000000000	-0.64671850595294	0.75456461473501
21.330000000000	-0.64552784910208	0.75553971816194
21.340000000000	-0.64433030546369	0.75651718493327
21.350000000000	-0.64312581301044	0.75749702173440
21.360000000000	-0.64191431053577	0.75847923641580
21.370000000000	-0.64069573783738	0.75946383724980
21.380000000000	-0.63947003559298	0.76045083224644
21.390000000000	-0.63823714501534	0.76144022865505
21.400000000000	-0.63699700741428	0.76243203269878
21.406250000000	-0.63621821508758	0.76305313518018
21.410000000000	-0.63574956377788	0.76342624951712
21.420000000000	-0.63449475444122	0.76442288325220
21.430000000000	-0.63323251886467	0.76542193720907
21.440000000000	-0.63196279551278	0.76642341403512
21.450000000000	-0.63068552180975	0.76742731588478
21.460000000000	-0.62940063414553	0.76843364455429
21.470000000000	-0.62810806791078	0.76944240158368
21.480000000000	-0.62680775754488	0.77045358833040
21.490000000000	-0.62549963658722	0.77146720602156
21.500000000000	-0.62418363772575	0.77248325579299
21.510000000000	-0.62285969283918	0.77350173872286
21.520000000000	-0.62152773302993	0.77452265586699
21.530000000000	-0.62018768864369	0.77554600830213
21.540000000000	-0.61883948926913	0.77657179718249
21.550000000000	-0.61748306370660	0.77760002381133
21.560000000000	-0.61611833988960	0.77863068972368
21.562500000000	-0.61577585379425	0.77888873754834
21.570000000000	-0.61474524473838	0.77966379676395
21.580000000000	-0.61336370392695	0.78069934712209
21.590000000000	-0.61197364156265	0.78173734326585
21.600000000000	-0.61057497982319	0.78277778768643
21.610000000000	-0.60916763867187	0.78382068238988
21.620000000000	-0.60775153584778	0.78486602815515
21.630000000000	-0.60632658732472	0.78591382375005
21.640000000000	-0.60489270826495	0.78696406545984
21.650000000000	-0.60344981418934	0.78801674726790
21.660000000000	-0.60199782186121	0.78907186173501
21.670000000000	-0.60053664947728	0.79012940122309
21.680000000000	-0.59906621614488	0.79118935893141
21.690000000000	-0.59758644098201	0.79225172939483
21.700000000000	-0.59609724225314	0.79331650843454
21.710000000000	-0.59459853678565	0.79438369277887
21.718750000000	-0.59327930432291	0.79531944995426
21.720000000000	-0.59309023970158	0.79545327959817
21.730000000000	-0.59157226437724	0.79652526610748
21.740000000000	-0.59004452252011	0.79759964929128
21.750000000000	-0.58850692427980	0.79867642574268
21.760000000000	-0.58695937834534	0.79975559158706
21.770000000000	-0.58540179200791	0.80083714245950
21.780000000000	-0.58383407118143	0.80192107351303
21.790000000000	-0.58225612037777	0.80300737944330
21.800000000000	-0.58066784263096	0.80409605452182
21.810000000000	-0.57906913935697	0.80518709263368
21.820000000000	-0.57745991012126	0.80628048731726
21.830000000000	-0.57584005226012	0.80737623180073
21.840000000000	-0.57420946025210	0.80847431901965
21.850000000000	-0.57256802463478	0.80957474156782
21.860000000000	-0.57091563004569	0.81067749143700
21.870000000000	-0.56925215147336	0.81178255909934
21.875000000000	-0.56841621225493	0.81233595806266
21.880000000000	-0.56757744662409	0.81288993045878
21.890000000000	-0.56589133945151	0.81399957631449
21.900000000000	-0.56419358423696	0.81511141231006
21.910000000000	-0.56248381062846	0.81622512782759
21.920000000000	-0.56076183185801	0.81733949340360
21.930000000000	-0.55903106171005	0.81845297203236
21.940000000000	-0.55729293400982	0.81957305351638
21.950000000000	-0.55553964659316	0.82069831849162
21.960000000000	-0.55377269095972	0.82182501830274
21.970000000000	-0.55199325216474	0.82295326834769
21.980000000000	-0.55020151211623	0.82408334976963
21.990000000000	-0.54839741776944	0.82521539654497
22.000000000000	-0.54658086220039	0.82634946549964
22.010000000000	-0.54475172448627	0.82748557750175
22.020000000000	-0.54290987943734	0.82862373562407
22.030000000000	-0.54105520011342	0.82976393334178
22.031250000000	-0.54082245642026	0.82990660090414
22.040000000000	-0.53918755843010	0.83090615847062
22.050000000000	-0.53730682523481	0.83205039518064
22.060000000000	-0.53541287024242	0.83319662508291
22.070000000000	-0.53350556194459	0.83434482784252
22.080000000000	-0.53158476752445	0.83549498153589
22.090000000000	-0.52965035278387	0.83664706286359
22.100000000000	-0.52770218208254	0.83780104727774
22.110000000000	-0.52574011828665	0.83895690905703
22.120000000000	-0.52376402272489	0.84011462134810
22.130000000000	-0.52177375514966	0.84127415618468
22.140000000000	-0.51976917370202	0.84243548449117
22.150000000000	-0.51775013487881	0.84359857607462
22.160000000000	-0.51571649350083	0.84476339960784
22.170000000000	-0.51366810268078	0.84592992260459
22.180000000000	-0.51160481378924	0.84709811138787
22.187500000000	-0.51004747984865	0.84797532519678
22.190000000000	-0.50952647641680	0.84826793105121
22.200000000000	-0.50743293832898	0.84943934541329
22.210000000000	-0.50532404540972	0.85061231696603
22.220000000000	-0.50319964158655	0.85178680681814
22.230000000000	-0.50105956872791	0.85296277463871
22.240000000000	-0.49890366649976	0.85414017861182
22.250000000000	-0.49673177216677	0.85531897542559
22.260000000000	-0.49454372032770	0.85649912033962
22.270000000000	-0.49233934259672	0.85768056740594
22.280000000000	-0.49011846730297	0.85886326995072
22.290000000000	-0.48788091940463	0.86004718141695
22.300000000000	-0.48562652099053	0.86123225653002
22.310000000000	-0.48335509282512	0.86241845235603
22.320000000000	-0.48106645701479	0.86360572824266
22.330000000000	-0.47876043974445	0.86479404349900
22.340000000000	-0.47643687187809	0.86598335296639
22.343750000000	-0.47556097504153	0.86642958968845
22.350000000000	-0.47409558593954	0.86717360293607
22.360000000000	-0.47173641095117	0.86836473041050
22.370000000000	-0.46935916857489	0.86955666602377
22.380000000000	-0.46696367246676	0.87074933808543
22.390000000000	-0.46454972997423	0.87194267529913
22.400000000000	-0.46211714433368	0.87313660760550
22.410000000000	-0.45966571626904	0.87433106587310
22.420000000000	-0.45719524481715	0.87552598128132
22.421875000000	-0.45672989495085	0.87575007322070
22.430000000000	-0.45470552762061	0.87672128489837
22.440000000000	-0.45219636095494	0.87791690769707
22.450000000000	-0.44966753964344	0.87911278122000
22.460000000000	-0.44711885684606	0.88030883934162
22.470000000000	-0.44455010334659	0.88150502228345
22.480000000000	-0.44196106463661	0.88270128599664
22.490000000000	-0.43935150783450	0.88389762568640
22.500000000000	-0.43672111473949	0.88509413582287
22.510000000000	-0.43406908938404	0.88629106391073
22.520000000000	-0.43139311407947	0.88748690302821
22.530000000000	-0.42869771316545	0.88867751103904
22.540000000000	-0.42598390399662	0.88987000621614
22.550000000000	-0.42324756422632	0.89106323793265
22.560000000000	-0.42048864455242	0.89225594599822
22.570000000000	-0.41770716302449	0.89344781761015
22.578125000000	-0.41543051095912	0.89441549638254
22.580000000000	-0.41490299244033	0.89463870820662
22.590000000000	-0.41207594215252	0.89582850190063
22.600000000000	-0.40922579350265	0.89701708621252
22.610000000000	-0.40635231375425	0.89820434694773
22.620000000000	-0.40345526214794	0.89939016737872
22.630000000000	-0.40053439300623	0.90057442868464
22.640000000000	-0.39758945785284	0.90175701125711
22.650000000000	-0.39462020764000	0.90293779754736
22.656250000000	-0.39275196911543	0.90367482771987
22.660000000000	-0.39162639624995	0.90411667881826
22.670000000000	-0.38860778738991	0.90529357374470
22.680000000000	-0.38556416812947	0.90646849176192
22.690000000000	-0.38249533802292	0.90764183020199
22.700000000000	-0.37939949210164	0.90881635614384
22.710000000000	-0.37626726133112	0.90997645527635
22.720000000000	-0.37312561043133	0.91113692393871
22.730000000000	-0.36995351721404	0.91229794702947
22.734375000000	-0.36855692966460	0.91280491748249
22.740000000000	-0.36675358749218	0.91345579343584
22.750000000000	-0.36352620765574	0.91461020266099
22.760000000000	-0.36027127220117	0.91576102088859
22.770000000000	-0.35698855539100	0.91690808523682
22.780000000000	-0.35367779082485	0.91805122166352
22.790000000000	-0.35033869539679	0.91919024803128
22.800000000000	-0.34697097935550	0.92032497661943
22.810000000000	-0.34357435343780	0.92145521671421
22.812500000000	-0.34272064667124	0.92173705308448
22.820000000000	-0.34014853902356	0.92258077889908
22.830000000000	-0.33669329212123	0.92370148514606
22.840000000000	-0.33320848248101	0.92481719946861
22.850000000000	-0.32969448455892	0.92592795275890
22.860000000000	-0.32615692697886	0.92703447618769
22.870000000000	-0.32255421419781	0.92811635269902
22.880000000000	-0.31895314173803	0.92921779113376
22.890000000000	-0.31531475326676	0.93030524962251
22.890625000000	-0.31508625299352	0.93037296104838
22.900000000000	-0.31164344921993	0.93138528273455
22.910000000000	-0.30793952974886	0.93245820659099
22.920000000000	-0.30420282430061	0.93352389511703
22.930000000000	-0.30043304700765	0.93458212387693
22.940000000000	-0.29662987038172	0.93563263232550
22.950000000000	-0.29279294725397	0.93667514097516
22.960000000000	-0.28892191883510	0.93770935732727
22.968750000000	-0.28550650359027	0.93860725622980
22.970000000000	-0.28501641807120	0.93873497815702
22.980000000000	-0.28107607110872	0.93975169034223
22.990000000000	-0.27710049788450	0.94075917095184
23.000000000000	-0.27308931226846	0.94175708679814
23.010000000000	-0.26904212200435	0.94274509341281
23.020000000000	-0.26495852871936	0.94372283323575
23.030000000000	-0.26083812851241	0.94468993266602
23.040000000000	-0.25668051420322	0.94564599761633
23.050000000000	-0.25248528138078	0.94659060772338
23.060000000000	-0.24825204172664	0.94752331134384
23.070000000000	-0.24398044693752	0.94844362825587
23.080000000000	-0.23967021994099	0.94935107354776
23.090000000000	-0.23532117303406	0.95024521352980
23.100000000000	-0.23093318460406	0.95112573427511
23.110000000000	-0.22650616197665	0.95199247244329
23.120000000000	-0.22204014424868	0.95284545211969
23.125000000000	-0.21979267571087	0.95326693906850
23.130000000000	-0.21753583491597	0.95368544226898
23.140000000000	-0.21299515340209	0.95451894860827
23.150000000000	-0.20837793208247	0.95536113336939
23.160000000000	-0.20372263184265	0.95612095456491
23.170000000000	-0.19905131428025	0.95688534976355
23.180000000000	-0.19433457130124	0.95763953796506
23.190000000000	-0.18957277426543	0.95837765805537
23.200000000000	-0.18476621901572	0.95909800683810
23.210000000000	-0.17991480689450	0.95979965742156
23.220000000000	-0.17501826459736	0.96048188296811
23.230000000000	-0.17007623801616	0.96114401688312
23.236250000000	-0.16696419927017	0.96154735865054
23.240000000000	-0.16508833162476	0.96178540858464
23.250000000000	-0.16005412655842	0.96240540653943
23.260000000000	-0.15497318970904	0.96300335070270
23.270000000000	-0.14984507869458	0.96357856868982
23.280000000000	-0.14466934478490	0.96413037359515
23.290000000000	-0.13944553474950	0.96465806259816
23.300000000000	-0.13417319210647	0.96516091596792
23.310000000000	-0.12885185802551	0.96563819627511
23.320000000000	-0.12348107202509	0.96608914771018
23.330000000000	-0.11806037254433	0.96651299544769
23.340000000000	-0.11258929743632	0.96690894501556
23.347500000000	-0.10845265399539	0.96718710965974
23.350000000000	-0.10706738440701	0.96727618163304
23.360000000000	-0.10149417140402	0.96761386947638
23.370000000000	-0.095869196932136	0.96792115081738
23.380000000000	-0.090192000221273	0.96819714495667
23.390000000000	-0.084462121064242	0.96844094684797
23.400000000000	-0.078679098905145	0.96865162532383
23.410000000000	-0.072842470269862	0.96882822105424
23.420000000000	-0.066951762799275	0.96896974536934
23.430000000000	-0.061006483728386	0.96907518439484
23.440000000000	-0.055006105687325	0.96914352042845
23.450000000000	-0.048950077313089	0.96917378425409
23.458750000000	-0.043605019380761	0.96916834140945
23.460000000000	-0.042837918169679	0.96916509583123
23.470000000000	-0.036669346311516	0.96911654842985
23.480000000000	-0.030444178955105	0.96902699849434
23.490000000000	-0.024162093458301	0.96889511583618
23.500000000000	-0.017822617955401	0.96871958253354
23.510000000000	-0.011425251143859	0.96849914331711
23.520000000000	-0.0049695199239050	0.96823256105530
23.530000000000	0.0015450174034930	0.96791857846180
23.540000000000	0.0081187795842048	0.96755589982999
23.550000000000	0.014752166772463	0.96714318180208
23.560000000000	0.021445557235393	0.96667902647701
23.570000000000	0.028199294113583	0.96616197694105
23.580000000000	0.035013660673848	0.96559052269880
23.590000000000	0.041888851181280	0.96496313018324
23.600000000000	0.048824967033690	0.96427830884510
23.610000000000	0.055822083380245	0.96353468188292
23.620000000000	0.062880378447715	0.96273097492926
23.630000000000	0.070000210307340	0.96186588333087
23.640000000000	0.077182048218560	0.96093793116642
23.650000000000	0.084426336328482	0.95994544914383
23.660000000000	0.091733415642371	0.95888664597011
23.670000000000	0.099103523469508	0.95775968046893
23.680000000000	0.10653682344899	0.95656269542700
23.690000000000	0.11403343210072	0.95529382284978
23.700000000000	0.12159343366753	0.95395117792537
23.710000000000	0.12921688605878	0.95253285128423
23.720000000000	0.13690382194951	0.95103690274337
23.730000000000	0.14465424769399	0.94946135692090
23.740000000000	0.15246814142054	0.94780420030696
23.750000000000	0.16034545092307	0.94606337931867
23.760000000000	0.16828609159983	0.94423679899488
23.770000000000	0.17628994452969	0.94232232212521
23.780000000000	0.18435685470940	0.94031776871716
23.790000000000	0.19248662943999	0.93822091578811
23.800000000000	0.20067903681573	0.93602949753218
23.810000000000	0.20893380421201	0.93374120595380
23.820000000000	0.21725061658091	0.93135369206448
23.830000000000	0.22562911424984	0.92886456767695
23.840000000000	0.23406888982055	0.92627140766235
23.850000000000	0.24256948377221	0.92357175224945
23.860000000000	0.25113037860505	0.92076310860852
23.870000000000	0.25975099189283	0.91784295077468
23.880000000000	0.26843066931833	0.91480871720608
23.890000000000	0.27716867924911	0.91165780608233
23.900000000000	0.28596421018522	0.90838756955947
23.910000000000	0.29481637135706	0.90499530893140
23.920000000000	0.30372419540159	0.90147827241988
23.925000000000	0.30819865849179	0.89967208895934
23.930000000000	0.31268664124747	0.89783365620107
23.940000000000	0.32170259553799	0.89405860800658
23.950000000000	0.33077087181956	0.89015023194478
23.960000000000	0.33989020766624	0.88610559326421
23.970000000000	0.34905926043807	0.88192172230572
23.980000000000	0.35827660243929	0.87759561744391
23.990000000000	0.36754071604853	0.87312424716220
24.000000000000	0.37684998915125	0.86850455151249
24.010000000000	0.38620271104097	0.86373344314572
24.012500000000	0.38854747023469	0.86251664346415
24.020000000000	0.39559706891977	0.85880780791530
24.030000000000	0.40503114527615	0.85372450471336
24.040000000000	0.41450291693931	0.84848036344501
24.050000000000	0.42401025827935	0.84307217792654
24.060000000000	0.43355095734308	0.83749668306875
24.070000000000	0.44312278545627	0.83175047196675
24.080000000000	0.45272391952968	0.82582958026102
24.090000000000	0.46236130957305	0.81972564033054
24.100000000000	0.47199045472546	0.81347636341167
24.110000000000	0.48165992720100	0.80700938637433
24.120000000000	0.49134565406612	0.80036231556629
24.130000000000	0.50104477542905	0.79352670603782
24.140000000000	0.51075413723296	0.78649867942021
24.150000000000	0.52047031141585	0.77927487443968
24.160000000000	0.53018967808863	0.77185207472029
24.170000000000	0.53990844655173	0.76422713578773
24.180000000000	0.54962266081353	0.75639696760914
24.187500000000	0.55690286033719	0.75038783027309
24.190000000000	0.55932820048411	0.74835853229549
24.200000000000	0.56902078020061	0.74010884710782
24.210000000000	0.57869594869910	0.73164498968381
24.220000000000	0.58834908800057	0.72296410430059
24.230000000000	0.59797541292649	0.71406340860106
24.240000000000	0.60756997102474	0.70494020041739
24.250000000000	0.61712764287127	0.69559186439744
24.260000000000	0.62664314258434	0.68601587818346
24.270000000000	0.63611101823894	0.67620981797027
24.275000000000	0.64082534790075	0.67121978084422
24.280000000000	0.64552565172626	0.66617136342732
24.290000000000	0.65488125752193	0.65589830222983
24.300000000000	0.66417187989184	0.64538853478922
24.310000000000	0.67339138835347	0.63464008011191
24.320000000000	0.68253347173578	0.62365108389006
24.330000000000	0.69159163183062	0.61241982976379
24.340000000000	0.70055917815363	0.60094475411372
24.350000000000	0.70942922544875	0.58922446386668
24.360000000000	0.71819469512206	0.57725775595137
24.370000000000	0.72684832089875	0.56504363660068
24.380000000000	0.73538265801915	0.55258133886500
24.390000000000	0.74379009462554	0.53987033737936
24.400000000000	0.75206286385440	0.52691036028951
24.410000000000	0.76019305548108	0.51370139894243
24.420000000000	0.76817262653330	0.50024371629235
24.430000000000	0.77599341084590	0.48653785497280
24.440000000000	0.78364712792621	0.47258464576235
24.450000000000	0.79112539170861	0.45838521687099
24.460000000000	0.79841971984622	0.44394100418808
24.470000000000	0.80552154418263	0.42925376238470
24.480000000000	0.81242222300587	0.41432557653188
24.490000000000	0.81911305560309	0.39915887363749
24.500000000000	0.82558529944419	0.38375643320035
24.510000000000	0.83183018992852	0.36812139557572
24.520000000000	0.83783896194927	0.35225726679987
24.530000000000	0.84360287161631	0.33616791880379
24.540000000000	0.84911321564277	0.31985758492763
24.550000000000	0.85436134574336	0.30333085232777
24.560000000000	0.85933867652182	0.28659265467920
24.570000000000	0.86403668777400	0.26964826941382
24.580000000000	0.86844692491536	0.25250332262510
24.590000000000	0.87256100271420	0.23516380182859
24.600000000000	0.87637061659432	0.21763607347534
24.610000000000	0.87986756293305	0.19992690032813
24.620000000000	0.88304376671481	0.18204345432547
24.630000000000	0.88589131316123	0.16399332265903
24.640000000000	0.88840247995383	0.14578450706309
24.650000000000	0.89056976777256	0.12742541774396
24.660000000000	0.89238592819900	0.10892486376403
24.670000000000	0.89384398900466	0.090292041385065
24.680000000000	0.89493727731955	0.071536521316251
24.690000000000	0.89565944126987	0.052668235304832
24.700000000000	0.89600447056566	0.033697462163068
24.710000000000	0.89596671634542	0.014634813143836
24.720000000000	0.89554091042167	-0.0045087834895060
24.730000000000	0.89472218394254	-0.023722098854886
24.740000000000	0.89350608538922	-0.042993620933986
24.750000000000	0.89188859774925	-0.062311573240449
24.760000000000	0.88986615460877	-0.081663934740892
24.770000000000	0.88743565472800	-0.10103846107484
24.780000000000	0.88459447423106	-0.12042270708960
24.790000000000	0.88134047432408	-0.13980405054155
24.800000000000	0.87767199853948	-0.15916971573733
24.810000000000	0.87358783885478	-0.17850678826173
24.820000000000	0.86908708881427	-0.19780214488991
24.830000000000	0.86416878355372	-0.21704143823773
24.840000000000	0.85883938607252	-0.23620737544786
24.850000000000	0.85309877934354	-0.25530119317178
24.860000000000	0.84694082264005	-0.27430047282462
24.870000000000	0.84037178659692	-0.29319136363469
24.880000000000	0.83339487974945	-0.31196147232103
24.890000000000	0.82601342990720	-0.33059805638725
24.900000000000	0.81823126810978	-0.34908835870982
24.910000000000	0.81005276352803	-0.36741972664579
24.920000000000	0.80148282070123	-0.38557966810421
24.925000000000	0.79705273682451	-0.39459150345510
24.930000000000	0.79252687049438	-0.40355588921470
24.940000000000	0.78319085905873	-0.42133632521782
24.950000000000	0.77348123563978	-0.43890916787242
24.960000000000	0.76340493976095	-0.45626289002692
24.970000000000	0.75296938873803	-0.47338626644319
24.980000000000	0.74218246767782	-0.49026838733111
24.990000000000	0.73105252707209	-0.50689865274198
25.000000000000	0.71958839889061	-0.52326670081791
25.010000000000	0.70779941530789	-0.53936202597171
25.020000000000	0.69569414237436	-0.55517171985612
25.030000000000	0.68326329815311	-0.57069335264360
25.040000000000	0.67055556537827	-0.58593653370246
25.050000000000	0.65756510616601	-0.60086108076046
25.060000000000	0.64429751351534	-0.61547013025668
25.070000000000	0.63076497437773	-0.62975817442277
25.080000000000	0.61697907868944	-0.64371892262142
25.090000000000	0.60295132828279	-0.65734639801303
25.100000000000	0.58869328849031	-0.67063508823339
25.110000000000	0.57421661864867	-0.68357997742491
25.120000000000	0.55953306678285	-0.69617655513689
25.130000000000	0.54465445219333	-0.70842081846830
25.140000000000	0.52959264355874	-0.72030927115963
25.145000000000	0.52199675815558	-0.72611911378508
25.150000000000	0.51435953538814	-0.73183892067290
25.160000000000	0.49896702403385	-0.74300727362011
25.170000000000	0.48342698385606	-0.75381232970442
25.180000000000	0.46775124387172	-0.76425257427554
25.190000000000	0.45195156510466	-0.77432696957802
25.200000000000	0.43603961880608	-0.78403494475814
25.210000000000	0.42002696570985	-0.79337638467650
25.217500000000	0.40795826874644	-0.80014210699080
25.220000000000	0.40392503653161	-0.80235161753340
25.230000000000	0.38774511406459	-0.81096140121408
25.240000000000	0.37149831762466	-0.81920690798864
25.250000000000	0.35519559179493	-0.82708970635676
25.260000000000	0.33884770556810	-0.83461173569801
25.270000000000	0.32246528598829	-0.84177525428342
25.280000000000	0.30605902196926	-0.84858262809703
25.290000000000	0.28964141820766	-0.85503351584889
25.300000000000	0.27319540225924	-0.86114675598889
25.310000000000	0.25678178561851	-0.86690804250304
25.320000000000	0.24037565542726	-0.87232669444809
25.330000000000	0.22399165391862	-0.87740806502500
25.340000000000	0.20763907898823	-0.88215654428819
25.350000000000	0.19132648089337	-0.88657680273452
25.360000000000	0.17506201210934	-0.89067374797408
25.370000000000	0.15885349241985	-0.89445249585834
25.380000000000	0.14270842612969	-0.89791834909692
25.390000000000	0.12663400763689	-0.90107677865577
25.400000000000	0.11063712377610	-0.90393340638095
25.410000000000	0.094724355434437	-0.90649398827168
25.420000000000	0.078901979328406	-0.90876439811825
25.428125000000	0.066116991286624	-0.91039956622118
25.430000000000	0.063175970338478	-0.91075061125958
25.440000000000	0.047552004706070	-0.91245868809623
25.450000000000	0.032035464603234	-0.91389475666336
25.460000000000	0.016631445376571	-0.91506499280400
25.470000000000	0.0013447693698671	-0.91597559476098
25.480000000000	-0.013819980428979	-0.91663274550919
25.490000000000	-0.028858355659341	-0.91704255461443
25.500000000000	-0.043765649639128	-0.91721105188966
25.510000000000	-0.058535695851824	-0.91714545071390
25.520000000000	-0.073166147616302	-0.91686019370432
25.530000000000	-0.087667219362424	-0.91635537236731
25.540000000000	-0.10202598594119	-0.91562857704096
25.550000000000	-0.11623674903202	-0.91469126288460
25.560000000000	-0.13029811058687	-0.91355110021224
25.566250000000	-0.13900985695185	-0.91273833056864
25.570000000000	-0.14420839721025	-0.91221445222290
25.580000000000	-0.15796583829790	-0.91068742856735
25.590000000000	-0.17156874908576	-0.90897605083933
25.600000000000	-0.18501559648532	-0.90708627351408
25.610000000000	-0.19830502022385	-0.90502398148606
25.620000000000	-0.21143583755801	-0.90279498425382
25.630000000000	-0.22440704148271	-0.90040501028230
25.640000000000	-0.23721779615707	-0.89785970207829
25.650000000000	-0.24986743107067	-0.89516461196248
25.660000000000	-0.26235543462848	-0.89232519844380
25.670000000000	-0.27468144748128	-0.88934682311228
25.680000000000	-0.28684525577088	-0.88623474798700
25.690000000000	-0.29884678438488	-0.88299413327137
25.700000000000	-0.31068609027707	-0.87963003547901
25.704375000000	-0.31581481742742	-0.87812068188894
25.710000000000	-0.32236335588960	-0.87614740590053
25.720000000000	-0.33387888270134	-0.87255108938604
25.730000000000	-0.34523308492032	-0.86884582342169
25.740000000000	-0.35642648333427	-0.86503623748037
25.750000000000	-0.36745969933098	-0.86112685262842
25.760000000000	-0.37833344909983	-0.85712208137066
25.770000000000	-0.38904853802602	-0.85302622771586
25.780000000000	-0.39960585529057	-0.84884348744266
25.790000000000	-0.41000636869134	-0.84457794854125
25.800000000000	-0.42025111970149	-0.84023359179623
25.810000000000	-0.43034121877928	-0.83581429145976
25.820000000000	-0.44027784092869	-0.83132381593824
25.830000000000	-0.45006222147023	-0.82676582838554
25.840000000000	-0.45969565189664	-0.82214388707962
25.842500000000	-0.46208057989781	-0.82097881598871
25.850000000000	-0.46917947554835	-0.81746144550917
25.860000000000	-0.47851508269468	-0.81272185230099
25.870000000000	-0.48770390462554	-0.80792835154114
25.880000000000	-0.49674740684668	-0.80308408452137
25.890000000000	-0.50564708252539	-0.79819209389005
25.900000000000	-0.51440444822601	-0.79325532994885
25.910000000000	-0.52302104331536	-0.78827665691297
25.920000000000	-0.53149843202255	-0.78325885636346
25.930000000000	-0.53983820522964	-0.77820462702779
25.940000000000	-0.54804197971864	-0.77311658259145
25.950000000000	-0.55611139482699	-0.76799724994213
25.960000000000	-0.56404810790773	-0.76284906907558
25.970000000000	-0.57185378992704	-0.75767439453961
25.980000000000	-0.57953012180462	-0.75247549773853
25.980625000000	-0.58000563622021	-0.75214981286670
25.990000000000	-0.58707879152800	-0.74725456950634
26.000000000000	-0.59450149184406	-0.74201372262887
26.010000000000	-0.60179991832080	-0.73675499420436
26.020000000000	-0.60897576763440	-0.73148034783847
26.030000000000	-0.61603073599802	-0.72619167570569
26.040000000000	-0.62296651769051	-0.72089080051285
26.050000000000	-0.62978480366648	-0.71557947739239
26.060000000000	-0.63648728024076	-0.71025939574444
26.070000000000	-0.64307562784490	-0.70493218103910
26.080000000000	-0.64955151985532	-0.69959939658563
26.090000000000	-0.65591662149257	-0.69426254527182
26.100000000000	-0.66217258879123	-0.68892307127484
26.110000000000	-0.66832106763912	-0.68358236174419
26.118750000000	-0.67361409800621	-0.67890927566348
26.120000000000	-0.67436369288439	-0.67824174845617
26.130000000000	-0.68030208750858	-0.67290250943976
26.140000000000	-0.68613786186345	-0.66756587057325
26.150000000000	-0.69187261296929	-0.66223300715118
26.160000000000	-0.69750792387224	-0.65690504542150
26.170000000000	-0.70304536305783	-0.65158306409259
26.180000000000	-0.70848648391799	-0.64626809581018
26.190000000000	-0.71383282426846	-0.64096112860415
26.200000000000	-0.71908590591340	-0.63566310730508
26.210000000000	-0.72424723425362	-0.63037493493034
26.220000000000	-0.72931829793507	-0.62509747403886
26.230000000000	-0.73430056853350	-0.61983154805345
26.240000000000	-0.73919550027176	-0.61457794254842
26.250000000000	-0.74400452976564	-0.60933740649908
26.256875000000	-0.74726164553367	-0.60574249148798
26.260000000000	-0.74872907579438	-0.60411065348800
26.270000000000	-0.75337053909153	-0.59889836285994
26.280000000000	-0.75793030215055	-0.59370118081317
26.290000000000	-0.76240972903678	-0.58851972140586
26.300000000000	-0.76681016519013	-0.58335456743993
26.310000000000	-0.77113293718621	-0.57820627114834
26.320000000000	-0.77537935238217	-0.57307535453063
26.330000000000	-0.77955069826271	-0.56796230897979
26.340000000000	-0.78364824096686	-0.56286759329289
26.350000000000	-0.78767322128489	-0.55779162743722
26.360000000000	-0.79162684109535	-0.55273477301761
26.370000000000	-0.79551019962597	-0.54769726079397
26.380000000000	-0.79932374623590	-0.54267884195172
26.390000000000	-0.80306097068291	-0.53768813272951
26.395000000000	-0.80491842376571	-0.53520134897485
26.400000000000	-0.80675258591908	-0.53271375693733
26.410000000000	-0.81036830738889	-0.52775713246723
26.420000000000	-0.81391920563247	-0.52282293180987
26.430000000000	-0.81740686121095	-0.51791062330922
26.440000000000	-0.82083241646165	-0.51302026923207
26.450000000000	-0.82419695342181	-0.50815203882310
26.460000000000	-0.82750152874565	-0.50330612176184
26.470000000000	-0.83074717983476	-0.49848270568186
26.480000000000	-0.83393492642010	-0.49368196890005
26.490000000000	-0.83706577114239	-0.48890407782897
26.500000000000	-0.84014069986323	-0.48414918610531
26.510000000000	-0.84316068189508	-0.47941743442858
26.520000000000	-0.84612667020582	-0.47470895071902
26.522500000000	-0.84685984090027	-0.47353547920955
26.530000000000	-0.84903960161630	-0.47002385042683
26.540000000000	-0.85190039699699	-0.46536223691384
26.550000000000	-0.85470996146608	-0.46072420186862
26.560000000000	-0.85746918458941	-0.45610982573443
26.570000000000	-0.86017894058238	-0.45151917813889
26.580000000000	-0.86284008851342	-0.44695231831901
26.590000000000	-0.86545347250878	-0.44240929553787
26.600000000000	-0.86801992195821	-0.43789014949110
26.610000000000	-0.87054025172097	-0.43339491070154
26.620000000000	-0.87301526233162	-0.42892360090162
26.630000000000	-0.87544574020492	-0.42447623340267
26.640000000000	-0.87783245783862	-0.42005281345062
26.650000000000	-0.88017617401279	-0.41565333856731
26.660000000000	-0.88247763398255	-0.41127779887611
26.670000000000	-0.88473756965965	-0.40692617740943
26.680000000000	-0.88695669977279	-0.40259845039440
26.690000000000	-0.88913572998637	-0.39829458750990
26.700000000000	-0.89127535293155	-0.39401455210523
26.710000000000	-0.89337624803645	-0.38975830137244
26.720000000000	-0.89543908085508	-0.38552578650812
26.730000000000	-0.89746450102725	-0.38131695321114
26.740000000000	-0.89945313636739	-0.37713174491603
26.750000000000	-0.90140558002149	-0.37297012475890
26.760000000000	-0.90332244408049	-0.36883217498690
26.770000000000	-0.90520470733338	-0.36471785860193
26.780000000000	-0.90705286087381	-0.36062660777110
26.790000000000	-0.90886718329582	-0.35655851863524
26.800000000000	-0.91064831249505	-0.35251363531070
26.810000000000	-0.91239685802065	-0.34849188370084
26.820000000000	-0.91411339084478	-0.34449317424139
26.830000000000	-0.91579846129550	-0.34051741743737
26.840000000000	-0.91745260482622	-0.33656452642836
26.850000000000	-0.91907634289956	-0.33263441989614
26.860000000000	-0.92067018088016	-0.32872702857171
26.870000000000	-0.92223460075350	-0.32484231075906
26.880000000000	-0.92377003762776	-0.32098029417375
26.890000000000	-0.92527678411279	-0.31714121407140
26.900000000000	-0.92675437261965	-0.31332613718772
26.910000000000	-0.92819020165820	-0.30953890197829
26.920000000000	-0.92962992426806	-0.30572940109302
26.930000000000	-0.93103347039687	-0.30198703748408
26.940000000000	-0.93240632397899	-0.29825921738616
26.950000000000	-0.93375322479515	-0.29455141363800
26.960000000000	-0.93507487749960	-0.29086451450445
26.970000000000	-0.93637174340713	-0.28719869801540
26.980000000000	-0.93764424290910	-0.28355395736097
26.990000000000	-0.93889278300906	-0.27993021954884
27.000000000000	-0.94011776341801	-0.27632738258376
27.010000000000	-0.94131957852151	-0.27274533020528
27.020000000000	-0.94249861804982	-0.26918393907184
27.027500000000	-0.94336818299742	-0.26652637871985
27.030000000000	-0.94365526695896	-0.26564308288219
27.040000000000	-0.94478990469697	-0.26212263484193
27.050000000000	-0.94590290412486	-0.25862246890896
27.060000000000	-0.94699463046599	-0.25514246005570
27.070000000000	-0.94806544061338	-0.25168248385861
27.080000000000	-0.94911568294472	-0.24824241579211
27.090000000000	-0.95014569759210	-0.24482213055559
27.100000000000	-0.95115581699175	-0.24142150162448
27.106250000000	-0.95177718341448	-0.23930603347564
27.110000000000	-0.95214636652391	-0.23804040107123
27.120000000000	-0.95311766510606	-0.23467869960728
27.130000000000	-0.95407002567340	-0.23133626676224
27.140000000000	-0.95500375553457	-0.22801297112337
27.150000000000	-0.95591915662070	-0.22470868058180
27.160000000000	-0.95681652565569	-0.22142326255584
27.170000000000	-0.95769615427480	-0.21815658417940
27.180000000000	-0.95855832911219	-0.21490851245444
27.185000000000	-0.95898295958619	-0.21329141251846
27.190000000000	-0.95940333187235	-0.21167891437120
27.200000000000	-0.96023143939413	-0.20846765700197
27.210000000000	-0.96104292371290	-0.20527460757417
27.220000000000	-0.96183805212322	-0.20209963352753
27.230000000000	-0.96261708724293	-0.19894260255922
27.240000000000	-0.96338028707875	-0.19580338265989
27.250000000000	-0.96412790509256	-0.19268184214264
27.260000000000	-0.96486019026752	-0.18957784966657
27.270000000000	-0.96557738717263	-0.18649127425600
27.280000000000	-0.96627973602424	-0.18342198531644
27.290000000000	-0.96696747274274	-0.18036985264855
27.300000000000	-0.96764082900238	-0.17733474646169
27.310000000000	-0.96830003227189	-0.17431653738953
27.320000000000	-0.96894530584395	-0.17131509651177
27.330000000000	-0.96957686885176	-0.16833029538793
27.340000000000	-0.97019493627357	-0.16536200611194
27.342500000000	-0.97034736924060	-0.16462249883769
27.350000000000	-0.97079971892955	-0.16241010139923
27.360000000000	-0.97139142348329	-0.15947445471946
27.370000000000	-0.97197025247100	-0.15655494048661
27.380000000000	-0.97253640439591	-0.15365143430739
27.390000000000	-0.97309007393607	-0.15076381326618
27.400000000000	-0.97363145231016	-0.14789195618695
27.410000000000	-0.97416072781151	-0.14503574376996
27.420000000000	-0.97467808644556	-0.14219505848189
27.421250000000	-0.97474192756465	-0.14184105877469
27.430000000000	-0.97518371251009	-0.13936978412105
27.440000000000	-0.97567778889998	-0.13655980510295
27.450000000000	-0.97616049696826	-0.13376500567210
27.460000000000	-0.97663201594490	-0.13098526933875
27.470000000000	-0.97709252211063	-0.12822047878161
27.480000000000	-0.97754218801010	-0.12547051628079
27.490000000000	-0.97798118190727	-0.12273526458580
27.500000000000	-0.97840966749347	-0.12001460811190
27.510000000000	-0.97882780363521	-0.11730843455817
27.520000000000	-0.97923574363951	-0.11461663753971
27.530000000000	-0.97963363264367	-0.11193912207565
27.540000000000	-0.98002159794222	-0.10927581874639
27.550000000000	-0.98039970481337	-0.10662672776574
27.560000000000	-0.98076764701801	-0.10399206368072
27.570000000000	-0.98112187500888	-0.10136994844460
27.580000000000	-0.98147574530241	-0.098755909598597
27.590000000000	-0.98181823611851	-0.096162557895650
27.600000000000	-0.98215034744946	-0.093581949339742
27.605000000000	-0.98231295861444	-0.092296523283554
27.610000000000	-0.98247333622978	-0.091014371266802
27.620000000000	-0.98278749450605	-0.088459889909529
27.630000000000	-0.98309299122124	-0.085918463598294
27.640000000000	-0.98338996703141	-0.083390015246220
27.650000000000	-0.98367855262438	-0.080874454299567
27.660000000000	-0.98395887368618	-0.078371684522056
27.670000000000	-0.98423105258927	-0.075881607187423
27.680000000000	-0.98449520907242	-0.073404122545888
27.690000000000	-0.98475146055632	-0.070939130559984
27.700000000000	-0.98499992231038	-0.068486531300512
27.710000000000	-0.98524070755246	-0.066046225171824
27.720000000000	-0.98547392751522	-0.063618113045864
27.730000000000	-0.98569969149440	-0.061202096344757
27.740000000000	-0.98591810688570	-0.058798077093101
27.750000000000	-0.98612927921320	-0.056405957951865
27.760000000000	-0.98633331214997	-0.054025642241058
27.770000000000	-0.98653030752986	-0.051657033956032
27.780000000000	-0.98672036534800	-0.049300037781618
27.790000000000	-0.98690358374548	-0.046954559108971
27.800000000000	-0.98708005897111	-0.044620504062941
27.810000000000	-0.98724988530969	-0.042297779554280
27.815000000000	-0.98733233404508	-0.041140637400075
27.820000000000	-0.98741315496228	-0.039986293385277
27.830000000000	-0.98756995786361	-0.037685954467116
27.840000000000	-0.98772038143819	-0.035396673268247
27.850000000000	-0.98786451037799	-0.033118362729300
27.860000000000	-0.98800242681243	-0.030850940054200
27.870000000000	-0.98813421209370	-0.028594329805966
27.880000000000	-0.98825995324805	-0.026348467386381
27.890000000000	-0.98837975777393	-0.024113295765619
27.900000000000	-0.98849376681325	-0.021888738460646
27.910000000000	-0.98860212350594	-0.019674656739046
27.920000000000	-0.98870489856860	-0.017470873499345
27.930000000000	-0.98880209670792	-0.015277263498637
27.940000000000	-0.98889373650057	-0.013093766524723
27.950000000000	-0.98897987635648	-0.010920336869737
27.960000000000	-0.98906059501808	-0.0087569170460984
27.970000000000	-0.98913597493173	-0.0066034376855661
27.980000000000	-0.98920609628629	-0.0044598229122879
27.990000000000	-0.98927103602941	-0.0023259941003952
28.000000000000	-0.98933086825992	-0.00020187177464534
28.010000000000	-0.98938566477770	0.0019126235402261
28.020000000000	-0.98943549550843	0.0040175709696637
28.025000000000	-0.98945857011475	0.0050664888245178
28.030000000000	-0.98948042878571	0.0061130491606208
28.040000000000	-0.98952053152577	0.0081991362453509
28.050000000000	-0.98955586933021	0.010275909839377
28.060000000000	-0.98958650654274	0.012343447047239
28.070000000000	-0.98961250627822	0.014401824464264
28.080000000000	-0.98963393043675	0.016451118169692
28.090000000000	-0.98965083971197	0.018491403710362
28.100000000000	-0.98966329359975	0.020522756076308
28.110000000000	-0.98967135041154	0.022545249670947
28.120000000000	-0.98967506729424	0.024558958279137
28.130000000000	-0.98967450025708	0.026563955036377
28.140000000000	-0.98966970420447	0.028560312401989
28.150000000000	-0.98966073297251	0.030548102138257
28.160000000000	-0.98964763936656	0.032527395296612
28.170000000000	-0.98963047519675	0.034498262210883
28.180000000000	-0.98960929130808	0.036460772496834
28.190000000000	-0.98958413760202	0.038414995056543
28.200000000000	-0.98955506304581	0.040360998085723
28.210000000000	-0.98952211566511	0.042298849081884
28.220000000000	-0.98948534251329	0.044228614851098
28.230000000000	-0.98944478960727	0.046150361511203
28.235000000000	-0.98942310981635	0.047108248148549
28.240000000000	-0.98940050181175	0.048064154489533
28.250000000000	-0.98935252263938	0.049970058514220
28.260000000000	-0.98930089390534	0.051868137601251
28.270000000000	-0.98924565511351	0.053758455049769
28.280000000000	-0.98918684231466	0.055641073491563
28.290000000000	-0.98912448584800	0.057516055155169
28.300000000000	-0.98905860551428	0.059383462928221
28.310000000000	-0.98898919924169	0.061243364569562
28.320000000000	-0.98891621357972	0.063095851190934
28.330000000000	-0.98883946377791	0.064941135733294
28.340000000000	-0.98875860205191	0.066780201333008
28.350000000000	-0.98867714446121	0.068615608154407
28.360000000000	-0.98859631050009	0.070437827911365
28.370000000000	-0.98850798598567	0.072251962948868
28.380000000000	-0.98841583148333	0.074060163275731
28.390000000000	-0.98832055974672	0.075861786455455
28.400000000000	-0.98822225898079	0.077656628758664
28.410000000000	-0.98812095618197	0.079444649404818
28.420000000000	-0.98801667556180	0.081225861760579
28.430000000000	-0.98790944436122	0.083000299771676
28.440000000000	-0.98779929265550	0.084768006208845
28.445000000000	-0.98774313163643	0.085649349681611
28.450000000000	-0.98768625276003	0.086529028123422
28.460000000000	-0.98757035881580	0.088283415123507
28.470000000000	-0.98745164640842	0.090031218950469
28.480000000000	-0.98733015196939	0.091772493678621
28.490000000000	-0.98720591176293	0.093507296046328
28.500000000000	-0.98707896046667	0.095235685423784
28.510000000000	-0.98694932968716	0.096957723016748
28.520000000000	-0.98681704701517	0.098673470263711
28.530000000000	-0.98668213613851	0.10038298689966
28.540000000000	-0.98654461803052	0.10208632945392
28.550000000000	-0.98640451266893	0.10378355073787
28.560000000000	-0.98626184055558	0.10547470032665
28.570000000000	-0.98611662357984	0.10715982559703
28.580000000000	-0.98596888519124	0.10883897280899
28.590000000000	-0.98581865011427	0.11051218791449
28.600000000000	-0.98566594388116	0.11217951701428
28.610000000000	-0.98551079237341	0.11384100652773
28.620000000000	-0.98535322145952	0.11549670318233
28.630000000000	-0.98519325674526	0.11714665391403
28.640000000000	-0.98503092341898	0.11879090573734
28.650000000000	-0.98486624616537	0.12042950561564
28.655000000000	-0.98478303613110	0.12124670070819
28.660000000000	-0.98469924912329	0.12206250034320
28.670000000000	-0.98452995586923	0.12368993643911
28.680000000000	-0.98435838941430	0.12531186004759
28.690000000000	-0.98418457220681	0.12692831683483
28.700000000000	-0.98400852613694	0.12853935186911
28.710000000000	-0.98383027254303	0.13014500946482
28.720000000000	-0.98364983222416	0.13174533296113
28.730000000000	-0.98346722547275	0.13334036438708
28.740000000000	-0.98328247216190	0.13493014393051
28.750000000000	-0.98309559197263	0.13651470906222
28.760000000000	-0.98290660497685	0.13809409304275
28.770000000000	-0.98271553314427	0.13966832231094
28.780000000000	-0.98252240434880	0.14123741189610
28.790000000000	-0.98232726346614	0.14280135788105
28.800000000000	-0.98213020418125	0.14436012940304
28.810000000000	-0.98193145647054	0.14591369143369
28.820000000000	-0.98173153570912	0.14746223935669
28.830000000000	-0.98153078647410	0.14900693163962
28.840000000000	-0.98132747715646	0.15054881806352
28.850000000000	-0.98112036535688	0.15208603864738
28.860000000000	-0.98091070404761	0.15361758638462
28.870000000000	-0.98069922342331	0.15514387048739
28.880000000000	-0.98048603543401	0.15666526484700
28.890000000000	-0.98027111779012	0.15818196053285
28.900000000000	-0.98005444309275	0.15969406076492
28.910000000000	-0.97983599611574	0.16120163278243
28.920000000000	-0.97961577175724	0.16270472877872
28.930000000000	-0.97939377153301	0.16420339425893
28.940000000000	-0.97917000107902	0.16569767153265
28.950000000000	-0.97894446858698	0.16718760125631
28.960000000000	-0.97871718384823	0.16867322315090
28.970000000000	-0.97848815766813	0.17015457635249
28.980000000000	-0.97825740150550	0.17163169959138
28.990000000000	-0.97802492725181	0.17310463128912
29.000000000000	-0.97779074710094	0.17457340961554
29.010000000000	-0.97755487348148	0.17603807252811
29.020000000000	-0.97731731903627	0.17749865780625
29.030000000000	-0.97707809664242	0.17895520309010
29.040000000000	-0.97683721947115	0.18040774593347
29.050000000000	-0.97659470109197	0.18185632388361
29.060000000000	-0.97635055563118	0.18330097460819
29.070000000000	-0.97610479799974	0.18474173610334
29.075000000000	-0.97598131957016	0.18546067043501
29.080000000000	-0.97585744421059	0.18617864704283
29.090000000000	-0.97560851180569	0.18761174737599
29.100000000000	-0.97535802039575	0.18904107937219
29.110000000000	-0.97510599224313	0.19046668947585
29.120000000000	-0.97485245258218	0.19188863163464
29.130000000000	-0.97459742866877	0.19330697323076
29.140000000000	-0.97434094460378	0.19472180515100
29.150000000000	-0.97408300414744	0.19613325619535
29.160000000000	-0.97382354508996	0.19754150174758
29.170000000000	-0.97356235131423	0.19894671899319
29.180000000000	-0.97329900088406	0.20034888758879
29.190000000000	-0.97303314652440	0.20174751404405
29.200000000000	-0.97276508400399	0.20314190855105
29.210000000000	-0.97249556876802	0.20453196626885
29.220000000000	-0.97222503680443	0.20591813411287
29.230000000000	-0.97195348982128	0.20730083996225
29.240000000000	-0.97168078674076	0.20868030436861
29.250000000000	-0.97140680452004	0.21005661482886
29.260000000000	-0.97113146581150	0.21142980523076
29.270000000000	-0.97085472765088	0.21279989391109
29.280000000000	-0.97057656796705	0.21416689750559
29.290000000000	-0.97029697657656	0.21553083497062
29.300000000000	-0.97001594993403	0.21689172820902
29.310000000000	-0.96973348818397	0.21824960169874
29.320000000000	-0.96944959350844	0.21960448193458
29.330000000000	-0.96916426918937	0.22095639692471
29.340000000000	-0.96887751906608	0.22230537579277
29.350000000000	-0.96858934721458	0.22365144847829
29.360000000000	-0.96829975775328	0.22499464551491
29.370000000000	-0.96800875472204	0.22633499786624
29.380000000000	-0.96771634200480	0.22767253680350
29.385000000000	-0.96756960817203	0.22834026107492
29.390000000000	-0.96742252327827	0.22900729381267
29.400000000000	-0.96712730197690	0.23033930052238
29.410000000000	-0.96683068126821	0.23166858864635
29.420000000000	-0.96653266403494	0.23299518993560
29.430000000000	-0.96623325286242	0.23431913613717
29.440000000000	-0.96593245003001	0.23564045895710
29.450000000000	-0.96563025750627	0.23695919002593
29.460000000000	-0.96532667694811	0.23827536086561
29.470000000000	-0.96502170970396	0.23958900285724
29.480000000000	-0.96471535682151	0.24090014720933
29.487500000000	-0.96448468330196	0.24188188505728
29.490000000000	-0.96440761906057	0.24220882492664
29.500000000000	-0.96409849691137	0.24351506677996
29.510000000000	-0.96378799061865	0.24481890327746
29.520000000000	-0.96347610021188	0.24612036463842
29.530000000000	-0.96316282554116	0.24741948077022
29.540000000000	-0.96284816631864	0.24871628124957
29.550000000000	-0.96253212216447	0.25001079530889
29.560000000000	-0.96221469265591	0.25130305182849
29.570000000000	-0.96189587737805	0.25259307933478
29.580000000000	-0.96157567597361	0.25388090600451
29.590000000000	-0.96125408818933	0.25516655967404
29.600000000000	-0.96093111391559	0.25645006785242
29.610000000000	-0.96060675321548	0.25773145773603
29.620000000000	-0.96028100633892	0.25901075622239
29.630000000000	-0.95995387371648	0.26028798992046
29.640000000000	-0.95962535592642	0.26156318515564
29.650000000000	-0.95929545362733	0.26283636796937
29.660000000000	-0.95896416744728	0.26410756411702
29.670000000000	-0.95863149782027	0.26537679907430
29.680000000000	-0.95829744476308	0.26664409807130
29.690000000000	-0.95796200759371	0.26790948618598
29.700000000000	-0.95762518461003	0.26917298854014
29.710000000000	-0.95728697277863	0.27043463064529
29.720000000000	-0.95694736752549	0.27169443892932
29.730000000000	-0.95660636276102	0.27295244142222
29.740000000000	-0.95626395127727	0.27420866848451
29.750000000000	-0.95592012558487	0.27546315335095
29.760000000000	-0.95557487909092	0.27671593220392
29.770000000000	-0.95522820730916	0.27796704357191
29.780000000000	-0.95488010867292	0.27921652709282
29.790000000000	-0.95453058461471	0.28046442197837
29.795000000000	-0.95435528916152	0.28108778547844
29.800000000000	-0.95417963887314	0.28171076567096
29.810000000000	-0.95382727630851	0.28295559308266
29.820000000000	-0.95347350165573	0.28419893652355
29.830000000000	-0.95311831856231	0.28544082615703
29.840000000000	-0.95276172905718	0.28668129069977
29.850000000000	-0.95240373341330	0.28792035811753
29.860000000000	-0.95204433027533	0.28915805617434
29.870000000000	-0.95168351691648	0.29039441279458
29.880000000000	-0.95132128952432	0.29162945625947
29.890000000000	-0.95095764345928	0.29286321528369
29.897500000000	-0.95068397476169	0.29378770915792
29.900000000000	-0.95059257346284	0.29409571901751
29.910000000000	-0.95022607381300	0.29532699700940
29.920000000000	-0.94985813843406	0.29655707915292
29.930000000000	-0.94948876097053	0.29778599563128
29.940000000000	-0.94911793483480	0.29901377686699
29.950000000000	-0.94874565323633	0.30024045347936
29.960000000000	-0.94837190919843	0.30146605625056
29.970000000000	-0.94799669556675	0.30269061609951
29.980000000000	-0.94762000501261	0.30391416406271
29.990000000000	-0.94724183003295	0.30513673128071
30.000000000000	-0.94686216294836	0.30635834898912
