#Parameters = {L=6; d=0.018; h=0.508; h_air=12; w=2.75}
#"Frequency / GHz"	"SZmax(1),Zmax(1) [Real/Imaginary Part] [Re]"	"SZmax(1),Zmax(1) [Real/Imaginary Part] [Im]"
#-------------------------------------------------------------------------------------------------------------
20.000000000000	-0.94749849178240	0.31536275425968
20.010000000000	-0.94735915631099	0.31576130112193
20.020000000000	-0.94721955735533	0.31616064529498
20.030000000000	-0.94707957769879	0.31656128136305
20.040000000000	-0.94693899537989	0.31696317474686
20.050000000000	-0.94679777709921	0.31736626262218
20.060000000000	-0.94665592300670	0.31777052411238
20.070000000000	-0.94651343450017	0.31817595518730
20.080000000000	-0.94637031113967	0.31858255793409
20.090000000000	-0.94622655104896	0.31899033686843
20.100000000000	-0.94608215143984	0.31939929758350
20.110000000000	-0.94593710895219	0.31980944620707
20.120000000000	-0.94579141985574	0.32022078916300
20.130000000000	-0.94564508016914	0.32063333305957
20.140000000000	-0.94549808573210	0.32104708463357
20.150000000000	-0.94535043224997	0.32146205072115
20.156250000000	-0.94525781220076	0.32172202434275
20.160000000000	-0.94520211532214	0.32187823824256
20.170000000000	-0.94505313046042	0.32229565419422
20.180000000000	-0.94490347310104	0.32271430564515
20.190000000000	-0.94475313861238	0.32313419973623
20.200000000000	-0.94460212229964	0.32355534368148
20.210000000000	-0.94445041940684	0.32397774477116
20.220000000000	-0.94429802511625	0.32440141037656
20.230000000000	-0.94414493454463	0.32482634795651
20.240000000000	-0.94399114273507	0.32525256506573
20.250000000000	-0.94383664464218	0.32568006936439
20.260000000000	-0.94368143510690	0.32610886862736
20.270000000000	-0.94352550881589	0.32653897074882
20.280000000000	-0.94336886023880	0.32697038373216
20.290000000000	-0.94321148353951	0.32740311564400
20.300000000000	-0.94305337247006	0.32783717449472
20.310000000000	-0.94289452029603	0.32827256799177
20.312500000000	-0.94285469062323	0.32838162574728
20.320000000000	-0.94273491988417	0.32870930313362
20.330000000000	-0.94257456417615	0.32914738575237
20.340000000000	-0.94241344718965	0.32958682042584
20.350000000000	-0.94225156513568	0.33002761138334
20.360000000000	-0.94208891650123	0.33046976438138
20.370000000000	-0.94192550040004	0.33091328813682
20.380000000000	-0.94176131438615	0.33135819386647
20.390000000000	-0.94159635357910	0.33180449348486
20.400000000000	-0.94143061130650	0.33225219814728
20.410000000000	-0.94126408017620	0.33270131784896
20.420000000000	-0.94109675279363	0.33315186168981
20.430000000000	-0.94092862203577	0.33360383827820
20.440000000000	-0.94075968107014	0.33405725603473
20.450000000000	-0.94058992328245	0.33451212336693
20.460000000000	-0.94041934219340	0.33496844875349
20.468750000000	-0.94026940333498	0.33536893627188
20.470000000000	-0.94024793139133	0.33542624077786
20.480000000000	-0.94007568448418	0.33588550813735
20.490000000000	-0.93990259506693	0.33634625964163
20.500000000000	-0.93972865669997	0.33680850420750
20.510000000000	-0.93955386289440	0.33727225085323
20.520000000000	-0.93937820710165	0.33773750869343
20.530000000000	-0.93920168270537	0.33820428693520
20.540000000000	-0.93902428301426	0.33867259487559
20.550000000000	-0.93884600125482	0.33914244190084
20.560000000000	-0.93866683056288	0.33961383748785
20.570000000000	-0.93848676397338	0.34008679120941
20.580000000000	-0.93830579440757	0.34056131274557
20.590000000000	-0.93812391465811	0.34103741190601
20.600000000000	-0.93794111737584	0.34151509867169
20.610000000000	-0.93775739507025	0.34199438326818
20.620000000000	-0.93757274015660	0.34247527628341
20.625000000000	-0.93748006061231	0.34271632939354
20.630000000000	-0.93738714512164	0.34295778881889
20.640000000000	-0.93720060291751	0.34344193256738
20.650000000000	-0.93701310759754	0.34392771949392
20.660000000000	-0.93682465469517	0.34441516069033
20.670000000000	-0.93663524017459	0.34490426481907
20.680000000000	-0.93644485787166	0.34539503821890
20.690000000000	-0.93625349822218	0.34588748758112
20.700000000000	-0.93606115001204	0.34638162220911
20.710000000000	-0.93586780265829	0.34687745366385
20.720000000000	-0.93567344688295	0.34737499431274
20.730000000000	-0.93547807429955	0.34787425642990
20.740000000000	-0.93528167688692	0.34837525197108
20.750000000000	-0.93508424667423	0.34887799263975
20.760000000000	-0.93488577560366	0.34938249000474
20.770000000000	-0.93468625548491	0.34988875559321
20.780000000000	-0.93448567798782	0.35039680095087
20.781250000000	-0.93446053103360	0.35046043233759
20.790000000000	-0.93428403464760	0.35090663767812
20.800000000000	-0.93408131687266	0.35141827745129
20.810000000000	-0.93387751595168	0.35193173203498
20.820000000000	-0.93367262305898	0.35244701328952
20.830000000000	-0.93346662925825	0.35296413317554
20.840000000000	-0.93325952550502	0.35348310375701
20.850000000000	-0.93305130264808	0.35400393720337
20.860000000000	-0.93284195143019	0.35452664579117
20.870000000000	-0.93263146248822	0.35505124190550
20.880000000000	-0.93241982635290	0.35557773804119
20.890000000000	-0.93220703344826	0.35610614680401
20.900000000000	-0.93199307409085	0.35663648091186
20.910000000000	-0.93177793848876	0.35716875319586
20.920000000000	-0.93156161674059	0.35770297660158
20.930000000000	-0.93134409883419	0.35823916419019
20.937500000000	-0.93118016933949	0.35864260179963
20.940000000000	-0.93112537464541	0.35877732913968
20.950000000000	-0.93090543393677	0.35931748474611
20.960000000000	-0.93068426635596	0.35985964442486
20.970000000000	-0.93046186143445	0.36040382171192
20.980000000000	-0.93023820858590	0.36095003026525
20.990000000000	-0.93001329710462	0.36149828386610
21.000000000000	-0.92978711616389	0.36204859642043
21.010000000000	-0.92955965481434	0.36260098196036
21.020000000000	-0.92933090198216	0.36315545464563
21.030000000000	-0.92910084646737	0.36371202876517
21.040000000000	-0.92886947694188	0.36427071873865
21.050000000000	-0.92863678194766	0.36483153911823
21.060000000000	-0.92840274989462	0.36539450459028
21.070000000000	-0.92816736905857	0.36595962997734
21.080000000000	-0.92793062757888	0.36652693024015
21.090000000000	-0.92769251345602	0.36709642048006
21.093750000000	-0.92760286430194	0.36731054703029
21.100000000000	-0.92745301454887	0.36766811594160
21.110000000000	-0.92721211857156	0.36824203201572
21.120000000000	-0.92696981308981	0.36881818424366
21.130000000000	-0.92672608551635	0.36939658832204
21.140000000000	-0.92648092310505	0.36997726010979
21.150000000000	-0.92623431294257	0.37056021563818
21.160000000000	-0.92598624193613	0.37114547112638
21.170000000000	-0.92573669679366	0.37173304300690
21.180000000000	-0.92548566398933	0.37232294797075
21.190000000000	-0.92523312969802	0.37291520305378
21.200000000000	-0.92497907965686	0.37350982581888
21.210000000000	-0.92472349883382	0.37410683478934
21.220000000000	-0.92446637048461	0.37470625066519
21.230000000000	-0.92420767267993	0.37530810069587
21.240000000000	-0.92394735795173	0.37591244306731
21.250000000000	-0.92368483209805	0.37651984877137
21.260000000000	-0.92342254503501	0.37712766123868
21.270000000000	-0.92315735971069	0.37773956020047
21.280000000000	-0.92289065198023	0.37835378085733
21.290000000000	-0.92262232228697	0.37897048974639
21.300000000000	-0.92235234137380	0.37958972732925
21.310000000000	-0.92208068941880	0.38021151872364
21.320000000000	-0.92180734894019	0.38083588529052
21.330000000000	-0.92153230316796	0.38146284719243
21.340000000000	-0.92125553552610	0.38209242418854
21.350000000000	-0.92097702943073	0.38272463593918
21.360000000000	-0.92069676819893	0.38335950214084
21.370000000000	-0.92041473500251	0.38399704259316
21.380000000000	-0.92013091284214	0.38463727723544
21.390000000000	-0.91984528453138	0.38528022616818
21.400000000000	-0.91955783268608	0.38592590966694
21.406250000000	-0.91937724146220	0.38633085958375
21.410000000000	-0.91926853971668	0.38657434819188
21.420000000000	-0.91897738782228	0.38722556239482
21.430000000000	-0.91868435898589	0.38787957312482
21.440000000000	-0.91838943497037	0.38853640143281
21.450000000000	-0.91809259731507	0.38919606857557
21.460000000000	-0.91779382733299	0.38985859601917
21.470000000000	-0.91749310610850	0.39052400544187
21.480000000000	-0.91719041449553	0.39119231873644
21.490000000000	-0.91688573311639	0.39186355801145
21.500000000000	-0.91657904236106	0.39253774559143
21.510000000000	-0.91627032238658	0.39321490401487
21.520000000000	-0.91595955311603	0.39389505602974
21.530000000000	-0.91564671423574	0.39457822458534
21.540000000000	-0.91533178518831	0.39526443282040
21.550000000000	-0.91501474515819	0.39595370404790
21.560000000000	-0.91469557304545	0.39664606174020
21.562500000000	-0.91461544437646	0.39681963618849
21.570000000000	-0.91437424742482	0.39734152952172
21.580000000000	-0.91405074649165	0.39804013118081
21.590000000000	-0.91372504800639	0.39874189071322
21.600000000000	-0.91339712926091	0.39944683240092
21.610000000000	-0.91306696709316	0.40015498091012
21.620000000000	-0.91273453796109	0.40086636137127
21.630000000000	-0.91239981805414	0.40158099940089
21.640000000000	-0.91206278339447	0.40229892105184
21.650000000000	-0.91172340988509	0.40302015271752
21.660000000000	-0.91138167329394	0.40374472103543
21.670000000000	-0.91103754919536	0.40447265282461
21.680000000000	-0.91069101290056	0.40520397506537
21.690000000000	-0.91034203939957	0.40593871491064
21.700000000000	-0.90999060332293	0.40667689971237
21.710000000000	-0.90963667892093	0.40741855705051
21.718750000000	-0.90932493332590	0.40807037766017
21.720000000000	-0.90928024005486	0.40816371475797
21.730000000000	-0.90892126019474	0.40891240093955
21.740000000000	-0.90855971241978	0.40966464398541
21.750000000000	-0.90819556941950	0.41042047258034
21.760000000000	-0.90782880349460	0.41117991571013
21.770000000000	-0.90745938655736	0.41194300266636
21.780000000000	-0.90708729013178	0.41270976305029
21.790000000000	-0.90671248535398	0.41348022677683
21.800000000000	-0.90633494297315	0.41425442407917
21.810000000000	-0.90595463335369	0.41503238551536
21.820000000000	-0.90557152647881	0.41581414197795
21.830000000000	-0.90518559195526	0.41659972470924
21.840000000000	-0.90479679901798	0.41738916532488
21.850000000000	-0.90440511653066	0.41818249584979
21.860000000000	-0.90401051297430	0.41897974876963
21.870000000000	-0.90361295640957	0.41978095709702
21.875000000000	-0.90341306063382	0.42018305501651
21.880000000000	-0.90321241439338	0.42058615444073
21.890000000000	-0.90280885383277	0.42139537504449
21.900000000000	-0.90240224078532	0.42220865373756
21.910000000000	-0.90199254027358	0.42302602573751
21.920000000000	-0.90157971624482	0.42384752631086
21.930000000000	-0.90116373179197	0.42467319042874
21.940000000000	-0.90074454959572	0.42550305264107
21.950000000000	-0.90032213235526	0.42633714728950
21.960000000000	-0.89989644296242	0.42717550893825
21.970000000000	-0.89946744437311	0.42801817276924
21.980000000000	-0.89903509932338	0.42886517477750
21.990000000000	-0.89859937006227	0.42971655177265
22.000000000000	-0.89816021818341	0.43057234128008
22.010000000000	-0.89771760455261	0.43143258142639
22.020000000000	-0.89727148929523	0.43229731085047
22.030000000000	-0.89682183180982	0.43316656864846
22.031250000000	-0.89676537351145	0.43327554623848
22.040000000000	-0.89636859078754	0.43404039434608
22.050000000000	-0.89591172422811	0.43491882788897
22.060000000000	-0.89545118944954	0.43580190964340
22.070000000000	-0.89498694309182	0.43668968040235
22.080000000000	-0.89451894111563	0.43758218139401
22.090000000000	-0.89404713879735	0.43847945429122
22.100000000000	-0.89357149072141	0.43938154122087
22.110000000000	-0.89309195077071	0.44028848477325
22.120000000000	-0.89260847211575	0.44120032801103
22.130000000000	-0.89212100720268	0.44211711447795
22.140000000000	-0.89162950774074	0.44303888820743
22.150000000000	-0.89113392468899	0.44396569373095
22.160000000000	-0.89063420824262	0.44489757608657
22.170000000000	-0.89013030781882	0.44583458082744
22.180000000000	-0.88962217204213	0.44677675403061
22.187500000000	-0.88923825939864	0.44748680375493
22.190000000000	-0.88910974872936	0.44772414230614
22.200000000000	-0.88859298487390	0.44867679280665
22.210000000000	-0.88807182662929	0.44963475323743
22.220000000000	-0.88754621929182	0.45059807186719
22.230000000000	-0.88701610728193	0.45156679753956
22.240000000000	-0.88648143412367	0.45254097968528
22.250000000000	-0.88594214242203	0.45352066833490
22.260000000000	-0.88539817383697	0.45450591413152
22.270000000000	-0.88484946905367	0.45549676834282
22.280000000000	-0.88429596774799	0.45649328287048
22.290000000000	-0.88373760854720	0.45749551025500
22.300000000000	-0.88317432898676	0.45850350367236
22.310000000000	-0.88260606546619	0.45951731691898
22.320000000000	-0.88203275321012	0.46053700438224
22.330000000000	-0.88145432624353	0.46156262099672
22.340000000000	-0.88087071739189	0.46259422219288
22.343750000000	-0.88065051420520	0.46298262693322
22.350000000000	-0.88028185831388	0.46363186385285
22.360000000000	-0.87968767956466	0.46467560229478
22.370000000000	-0.87908811067275	0.46572549430699
22.380000000000	-0.87848308020002	0.46678159724047
22.390000000000	-0.87787251575205	0.46784396914899
22.400000000000	-0.87725634391979	0.46891266894892
22.410000000000	-0.87663449015696	0.46998775657205
22.420000000000	-0.87600687861657	0.47106929310699
22.430000000000	-0.87537343197733	0.47215734096944
22.440000000000	-0.87473407129304	0.47325196421154
22.450000000000	-0.87408871595039	0.47435322922359
22.460000000000	-0.87343728412436	0.47546120643692
22.470000000000	-0.87277969571948	0.47657597440307
22.480000000000	-0.87211588781041	0.47769762644117
22.490000000000	-0.87144587233325	0.47882623965062
22.500000000000	-0.87076964952957	0.47996165198046
22.510000000000	-0.87008675802789	0.48110384043993
22.520000000000	-0.86939709489895	0.48225320376401
22.530000000000	-0.86870073018499	0.48340982189048
22.540000000000	-0.86799760223186	0.48457371617356
22.550000000000	-0.86728761488822	0.48574493596941
22.560000000000	-0.86657066736527	0.48692354464085
22.570000000000	-0.86584665805419	0.48810961134738
22.580000000000	-0.86511548451240	0.48930320806696
22.590000000000	-0.86437704310386	0.49050440849824
22.600000000000	-0.86363122872116	0.49171328762618
22.610000000000	-0.86287793459714	0.49292992153891
22.620000000000	-0.86211705217368	0.49415438734796
22.630000000000	-0.86134847100403	0.49538676315420
22.640000000000	-0.86057207867436	0.49662712803536
22.650000000000	-0.85978776073635	0.49787556204421
22.652500000000	-0.85959042926494	0.49818894082192
22.660000000000	-0.85899540064617	0.49913214621230
22.670000000000	-0.85819487970700	0.50039696255662
22.680000000000	-0.85738607701341	0.50167009408769
22.690000000000	-0.85656886939669	0.50295162481831
22.700000000000	-0.85574313137042	0.50424163977225
22.710000000000	-0.85490873507593	0.50554022499230
22.720000000000	-0.85406555022773	0.50684746754713
22.730000000000	-0.85321344405862	0.50816345553569
22.740000000000	-0.85235228126510	0.50948827808770
22.750000000000	-0.85148192395357	0.51082202535706
22.760000000000	-0.85060223158856	0.51216478850266
22.770000000000	-0.84971306094525	0.51351665964526
22.780000000000	-0.84881426606999	0.51487773177591
22.790000000000	-0.84790569825521	0.51624809855888
22.800000000000	-0.84698720603543	0.51762785387944
22.805000000000	-0.84652419018811	0.51832128138880
22.810000000000	-0.84605863518586	0.51901709069001
22.820000000000	-0.84511982845257	0.52041589755017
22.830000000000	-0.84417062211047	0.52182434545012
22.840000000000	-0.84321079257782	0.52324242013037
22.850000000000	-0.84223925686566	0.52467060494718
22.860000000000	-0.84125836475810	0.52610964379656
22.870000000000	-0.84026610048784	0.52755789358620
22.880000000000	-0.83926242165518	0.52901636292641
22.890000000000	-0.83824726393087	0.53048516203283
22.900000000000	-0.83722046708554	0.53196439004648
22.910000000000	-0.83618184993202	0.53345415177384
22.920000000000	-0.83513122259511	0.53495455548891
22.930000000000	-0.83406838946787	0.53646571178135
22.940000000000	-0.83299315009798	0.53798773305802
22.950000000000	-0.83190529946698	0.53952073331782
22.957500000000	-0.83108100948313	0.54067775788698
22.960000000000	-0.83080462805341	0.54106482804469
22.970000000000	-0.82969092180638	0.54262013415566
22.980000000000	-0.82856396207712	0.54418676997647
22.990000000000	-0.82742352552810	0.54576485523216
23.000000000000	-0.82626938402851	0.54735451104690
23.010000000000	-0.82510130454003	0.54895585995072
23.020000000000	-0.82391904899409	0.55056902589336
23.030000000000	-0.82272237415961	0.55219413426822
23.040000000000	-0.82151103149607	0.55383131195383
23.050000000000	-0.82028476697683	0.55548068738985
23.060000000000	-0.81904332083573	0.55714239072579
23.070000000000	-0.81778642707511	0.55881655412402
23.080000000000	-0.81651381209446	0.56050331231978
23.090000000000	-0.81522518964009	0.56220280247114
23.100000000000	-0.81392024587553	0.56391514647740
23.110000000000	-0.81259871950958	0.56564038096294
23.120000000000	-0.81126045811976	0.56737874886902
23.130000000000	-0.80990502771209	0.56913046031778
23.140000000000	-0.80853209915861	0.57089559633005
23.150000000000	-0.80714136860129	0.57267428595220
23.160000000000	-0.80573251810069	0.57446667111563
23.170000000000	-0.80430521896017	0.57627289670702
23.180000000000	-0.80285913359193	0.57809310910338
23.190000000000	-0.80139391606452	0.57992745596076
23.200000000000	-0.79990921218229	0.58177608618994
23.210000000000	-0.79840465939299	0.58363914995184
23.220000000000	-0.79687988662606	0.58551679864510
23.230000000000	-0.79533451410119	0.58740918488033
23.240000000000	-0.79376815312819	0.58931646243673
23.250000000000	-0.79218040591726	0.59123878619128
23.260000000000	-0.79057086543496	0.59317631199684
23.270000000000	-0.78893911539654	0.59512919645019
23.280000000000	-0.78728473068707	0.59709759639103
23.290000000000	-0.78560727939595	0.59908166766933
23.300000000000	-0.78390633313963	0.60108156212271
23.310000000000	-0.78218154683039	0.60309744453088
23.320000000000	-0.78043218456716	0.60513025247607
23.330000000000	-0.77865738660555	0.60717843186448
23.332500000000	-0.77820983066807	0.60769306913847
23.340000000000	-0.77685757164551	0.60924324270750
23.350000000000	-0.77503183947650	0.61132478093991
23.360000000000	-0.77317965372912	0.61342316603543
23.370000000000	-0.77130048215036	0.61553855220348
23.380000000000	-0.76939378052654	0.61767110211730
23.390000000000	-0.76745899102479	0.61982098143457
23.400000000000	-0.76549554167447	0.62198835717953
23.410000000000	-0.76350284596272	0.62417339710368
23.415000000000	-0.76249534335926	0.62527259367025
23.420000000000	-0.76148030242495	0.62637626935571
23.430000000000	-0.75942729421624	0.62859714226358
23.440000000000	-0.75734318866365	0.63083618416023
23.450000000000	-0.75522733680096	0.63309356322532
23.460000000000	-0.75307907288722	0.63536944733115
23.470000000000	-0.75089771391045	0.63766400388666
23.480000000000	-0.74868255907801	0.63997739967587
23.490000000000	-0.74643288929587	0.64230980068787
23.500000000000	-0.74414796663935	0.64466137193439
23.510000000000	-0.74182703381828	0.64703227724860
23.520000000000	-0.73946931363799	0.64942267905455
23.530000000000	-0.73707400845183	0.65183273809149
23.540000000000	-0.73464029958866	0.65426261307405
23.550000000000	-0.73216734671889	0.65671246027594
23.560000000000	-0.72965428710305	0.65918243305391
23.567500000000	-0.72774264022124	0.66104821040332
23.570000000000	-0.72710023467448	0.66167268138195
23.580000000000	-0.72450427897201	0.66418335151612
23.590000000000	-0.72186548405383	0.66671458588839
23.600000000000	-0.71918288759443	0.66926652319054
23.610000000000	-0.71645550028340	0.67183929844240
23.620000000000	-0.71368230544097	0.67443304281172
23.630000000000	-0.71086225863291	0.67704788310793
23.640000000000	-0.70799428712161	0.67968394105003
23.650000000000	-0.70507728914651	0.68234133245524
23.660000000000	-0.70211013314885	0.68502016640848
23.670000000000	-0.69909165710325	0.68772054432463
23.680000000000	-0.69602066812728	0.69044255858001
23.690000000000	-0.69289594242243	0.69318628983242
23.700000000000	-0.68971622454128	0.69595180068769
23.710000000000	-0.68648021859935	0.69873912142143
23.720000000000	-0.68318654226221	0.70154823990616
23.730000000000	-0.67983365787652	0.70437920869298
23.740000000000	-0.67642010365913	0.70723229427037
23.750000000000	-0.67294464450184	0.71010759127688
23.760000000000	-0.66940586456519	0.71300497483986
23.770000000000	-0.66580218581905	0.71592436573468
23.780000000000	-0.66213198709080	0.71886572393169
23.790000000000	-0.65839361666755	0.72182900679966
23.800000000000	-0.65458538373519	0.72481415504110
23.810000000000	-0.65070555203576	0.72782108886610
23.820000000000	-0.64675233589014	0.73084970654004
23.830000000000	-0.64272389705081	0.73389988345519
23.840000000000	-0.63861834097264	0.73697147155616
23.850000000000	-0.63443370917296	0.74006429932410
23.860000000000	-0.63016795145135	0.74317816716411
23.870000000000	-0.62581882391158	0.74631269665158
23.880000000000	-0.62138494304685	0.74946711601417
23.890000000000	-0.61686388097777	0.75264251112837
23.900000000000	-0.61225284166169	0.75583778279820
23.910000000000	-0.60754974769297	0.75905248441080
23.920000000000	-0.60275225392057	0.76228622200903
23.930000000000	-0.59785791062614	0.76553854097340
23.940000000000	-0.59286418826291	0.76880893199137
23.950000000000	-0.58776848006384	0.77209683200957
23.960000000000	-0.58256810097460	0.77540162240454
23.970000000000	-0.57726028573830	0.77872262602686
23.980000000000	-0.57184218671876	0.78205910367054
23.990000000000	-0.56631087161703	0.78541025015473
24.000000000000	-0.56066332113204	0.78877519008162
24.010000000000	-0.55489642658646	0.79215297328855
24.020000000000	-0.54900698752983	0.79554256999311
24.030000000000	-0.54299170932835	0.79894286562113
24.040000000000	-0.53684720075017	0.80235265530281
24.050000000000	-0.53056997155556	0.80577063801909
24.060000000000	-0.52415643010258	0.80919541037868
24.070000000000	-0.51760288097964	0.81262546000395
24.080000000000	-0.51090552267848	0.81605915850295
24.090000000000	-0.50406044532213	0.81949475400299
24.100000000000	-0.49706362846501	0.82293036322006
24.110000000000	-0.48991093898372	0.82636396303681
24.120000000000	-0.48259812908010	0.82979338156075
24.130000000000	-0.47512083442022	0.83321628863253
24.140000000000	-0.46747457243609	0.83663018575300
24.150000000000	-0.45965474082014	0.84003239539640
24.155000000000	-0.45567826511772	0.84172822895919
24.160000000000	-0.45165661624572	0.84342004967531
24.170000000000	-0.44347535335130	0.84679007832179
24.180000000000	-0.43510598403024	0.85013919594772
24.190000000000	-0.42654341707305	0.85346388854578
24.200000000000	-0.41778243821552	0.85676039919170
24.210000000000	-0.40881771065229	0.86002471290757
24.220000000000	-0.39964377608427	0.86325254064654
24.230000000000	-0.39025505637679	0.86643930236156
24.240000000000	-0.38064585591489	0.86958010912663
24.250000000000	-0.37081036474866	0.87266974428831
24.260000000000	-0.36074266262248	0.87570264363836
24.270000000000	-0.35043672397349	0.87867287460988
24.280000000000	-0.33988642396802	0.88157411450054
24.290000000000	-0.32908554563534	0.88439962771605
24.300000000000	-0.31802778817761	0.88714224202846
24.310000000000	-0.30670677658514	0.88979432395696
24.320000000000	-0.29511607267601	0.89234775388619
24.330000000000	-0.28324918713188	0.89479390361972
24.340000000000	-0.27109958697978	0.89712363071478
24.350000000000	-0.25866059183169	0.89932742061694
24.360000000000	-0.24592456804770	0.90139199321144
24.370000000000	-0.23288915400292	0.90331170263687
24.380000000000	-0.21954366993592	0.90507159699974
24.390000000000	-0.20588301899786	0.90665960127565
24.400000000000	-0.19190100746576	0.90806265611729
24.410000000000	-0.17759154519974	0.90926685130756
24.420000000000	-0.16294872630040	0.91025744168456
24.430000000000	-0.14796687972255	0.91101882060506
24.440000000000	-0.13264062102577	0.91153448589012
24.450000000000	-0.11696490884027	0.91178700384219
24.460000000000	-0.10093510691294	0.91175797294062
24.470000000000	-0.084547052212978	0.91142798808428
24.480000000000	-0.067797129554845	0.91077660609181
24.490000000000	-0.050682353210810	0.90978231313741
24.500000000000	-0.033200455980788	0.90842249482240
24.510000000000	-0.015349986162186	0.90667340964317
24.520000000000	0.0028695871748494	0.90451016670210
24.530000000000	0.021457760250968	0.90190670861237
24.540000000000	0.040412871689224	0.89883580066129
24.550000000000	0.059731970476150	0.89526902741275
24.560000000000	0.079410674717053	0.89117679803484
24.570000000000	0.099443021402324	0.88652836169167
24.580000000000	0.11982130810190	0.88129183419147
24.590000000000	0.14053593019533	0.87543423598592
24.600000000000	0.16157523429953	0.86892153413903
24.610000000000	0.18292568232417	0.86171858608738
24.620000000000	0.20456703334037	0.85379187445364
24.630000000000	0.22648698137368	0.84510002902285
24.640000000000	0.24865914544685	0.83560937473983
24.650000000000	0.27105918099240	0.82528156286971
24.660000000000	0.29365882207222	0.81407866465595
24.670000000000	0.31642627364829	0.80196277252072
24.680000000000	0.33932606050967	0.78889622613608
24.690000000000	0.36231885391271	0.77484190012197
24.700000000000	0.38536130835067	0.75976353200019
24.710000000000	0.40840591788696	0.74362608809236
24.720000000000	0.43140089879413	0.72639616694298
24.730000000000	0.45429010506524	0.70804243961740
24.740000000000	0.47701298362184	0.68853612547304
24.750000000000	0.49950457632991	0.66785150100874
24.760000000000	0.52169557612678	0.64596643822906
24.770000000000	0.54351244459388	0.62286296764629
24.780000000000	0.56487759813226	0.59852785960781
24.790000000000	0.58570966946599	0.57295321611333
24.800000000000	0.60592385047264	0.54613706371550
24.810000000000	0.62543232128566	0.51808393653419
24.820000000000	0.64414476920492	0.48880543692355
24.830000000000	0.66196899917620	0.45832075998893
24.840000000000	0.67881163546074	0.42665716704371
24.850000000000	0.69457891163478	0.39385039231545
24.860000000000	0.70917754328218	0.35994496684990
24.870000000000	0.72251567474109	0.32499444370953
24.880000000000	0.73450388813460	0.28906150929763
24.890000000000	0.74505625977652	0.25221796702160
24.900000000000	0.75409144604044	0.21454458157309
24.910000000000	0.76153377807110	0.17613077485579
24.920000000000	0.76731434246818	0.13707416800474
24.930000000000	0.77137202343425	0.097479967958568
24.940000000000	0.77365448094723	0.057460201568768
24.950000000000	0.77411903928454	0.017132805051936
24.960000000000	0.77273346067376	-0.023379418802714
24.970000000000	0.76947658054025	-0.063949959637204
24.980000000000	0.76433878523333	-0.10444985564549
24.990000000000	0.75732231955969	-0.14474902242956
25.000000000000	0.74844141481038	-0.18471762332420
25.010000000000	0.73772222837310	-0.22422744850163
25.020000000000	0.72520259117801	-0.26315327391368
25.030000000000	0.71093156836933	-0.30137417250949
25.040000000000	0.69496884539562	-0.33877474952314
25.050000000000	0.67738395586815	-0.37524627495612
25.060000000000	0.65825537110945	-0.41068768994800
25.070000000000	0.63766947462124	-0.44500646830300
25.080000000000	0.61571944726581	-0.47811931940305
25.090000000000	0.59250409048643	-0.50995272387562
25.100000000000	0.56812661532720	-0.54044329852994
25.110000000000	0.54269342440569	-0.56953799202896
25.120000000000	0.51631291245289	-0.59719411733222
25.130000000000	0.48909430870983	-0.62337923095869
25.140000000000	0.46114658153367	-0.64807087245165
25.150000000000	0.43257742219957	-0.67125618000522
25.156250000000	0.41445311706918	-0.68498003167258
25.160000000000	0.40349232127810	-0.69293140000098
25.170000000000	0.37399374729375	-0.71310130921959
25.180000000000	0.34418043378924	-0.73177856878454
25.190000000000	0.31414677756176	-0.74898302854343
25.200000000000	0.28398234780512	-0.76474099969572
25.210000000000	0.25377150325728	-0.77908451214331
25.220000000000	0.22359311225948	-0.79205057138700
25.230000000000	0.19352036889568	-0.80368042792535
25.234375000000	0.18041419945737	-0.80835964996206
25.240000000000	0.16362069709336	-0.81401887013624
25.250000000000	0.13395573370451	-0.82311354962136
25.260000000000	0.10458138111293	-0.83101434604653
25.270000000000	0.075547919792179	-0.83777277667625
25.280000000000	0.046900171447702	-0.84344145413574
25.290000000000	0.018677703979270	-0.84807359455039
25.300000000000	-0.0090849291099620	-0.85172257770434
25.310000000000	-0.036357919278820	-0.85444156640489
25.312500000000	-0.043096595595955	-0.85498218751111
25.320000000000	-0.063115947198038	-0.85628324027568
25.330000000000	-0.089338212888247	-0.85729926174651
25.340000000000	-0.11500713648971	-0.85753990343141
25.350000000000	-0.14010904345272	-0.85705475210439
25.360000000000	-0.16463368723573	-0.85589159011498
25.370000000000	-0.18857375923883	-0.85409656276009
25.380000000000	-0.21192467617605	-0.85171409598974
25.390000000000	-0.23468432270957	-0.84878681517254
25.400000000000	-0.25685279894971	-0.84535549301572
25.410000000000	-0.27843218071980	-0.84145902091124
25.420000000000	-0.29942629422121	-0.83713439977770
25.430000000000	-0.31984050562549	-0.83241674736820
25.440000000000	-0.33968152571125	-0.82733931943758
25.450000000000	-0.35895722940898	-0.82193354245114
25.460000000000	-0.37767648992742	-0.81622905576273
25.468750000000	-0.39360700846284	-0.81101457095558
25.470000000000	-0.39584902699177	-0.81025376141625
25.480000000000	-0.41348526861648	-0.80403387993696
25.490000000000	-0.43059622576108	-0.79759401067978
25.500000000000	-0.44719337917238	-0.79095719549342
25.510000000000	-0.46328857770105	-0.78414498465454
25.520000000000	-0.47889394738957	-0.77717750426878
25.530000000000	-0.49402181058019	-0.77007352478618
25.540000000000	-0.50868461341968	-0.76285053133854
25.546875000000	-0.51850201415758	-0.75782418914636
25.550000000000	-0.52289485406026	-0.75552479606251
25.560000000000	-0.53666500173152	-0.74811142325099
25.570000000000	-0.55000750555309	-0.74062436019946
25.580000000000	-0.56293479624526	-0.73307657401007
25.590000000000	-0.57545913008319	-0.72548010306806
25.600000000000	-0.58759258780848	-0.71784604902987
25.610000000000	-0.59934707248059	-0.71018464696711
25.620000000000	-0.61073428531087	-0.70250532698040
25.625000000000	-0.61629376100171	-0.69866168748563
25.630000000000	-0.62176570486708	-0.69481676636675
25.640000000000	-0.63245257096411	-0.68712693801073
25.650000000000	-0.64280587212271	-0.67944315619278
25.660000000000	-0.65283633591047	-0.67177212001340
25.670000000000	-0.66255442173180	-0.66411995448911
25.680000000000	-0.67197031574086	-0.65649224937125
25.690000000000	-0.68109392760657	-0.64889409574946
25.700000000000	-0.68993488889562	-0.64133012051120
25.710000000000	-0.69850255287075	-0.63380451873463
25.720000000000	-0.70680599553561	-0.62632108409508
25.730000000000	-0.71485401780504	-0.61888323736996
25.740000000000	-0.72265514876992	-0.61149405315032
25.750000000000	-0.73021765023321	-0.60415628500064
25.760000000000	-0.73754952313383	-0.59687239003540
25.770000000000	-0.74465851608482	-0.58964455749875
25.780000000000	-0.75155211982816	-0.58247475409054
25.781250000000	-0.75239903630540	-0.58158269935475
25.790000000000	-0.75823748672783	-0.57536472173862
25.800000000000	-0.76472153072857	-0.56831581490619
25.810000000000	-0.77101111053204	-0.56132924945973
25.820000000000	-0.77711278224099	-0.55440616348912
25.830000000000	-0.78303283107283	-0.54754749382008
25.840000000000	-0.78877732597018	-0.54075400099216
25.850000000000	-0.79435212865441	-0.53402629548792
25.859375000000	-0.79942942622855	-0.52777924451776
25.860000000000	-0.79976289795013	-0.52736485290730
25.870000000000	-0.80501509498535	-0.52077002552896
25.880000000000	-0.81011398898144	-0.51424205247540
25.890000000000	-0.81506466325842	-0.50778106902446
25.900000000000	-0.81987202127470	-0.50138711522633
25.910000000000	-0.82454079261731	-0.49506014389550
25.920000000000	-0.82907553890061	-0.48880002802363
25.930000000000	-0.83348065955042	-0.48260656765262
25.937500000000	-0.83670199130967	-0.47800505704122
25.940000000000	-0.83776039745921	-0.47647949624339
25.950000000000	-0.84191884450355	-0.47041848657414
25.960000000000	-0.84595994691770	-0.46442315619941
25.970000000000	-0.84988751051954	-0.45849307249951
25.980000000000	-0.85370520578650	-0.45262775734814
25.990000000000	-0.85741657278027	-0.44682669142384
26.000000000000	-0.86102502592015	-0.44108931818951
26.010000000000	-0.86453385860544	-0.43541504756226
26.020000000000	-0.86794624768801	-0.42980325929440
26.030000000000	-0.87126525779631	-0.42425330608458
26.040000000000	-0.87449384551239	-0.41876451643703
26.050000000000	-0.87763486340334	-0.41333619728499
26.060000000000	-0.88069106390823	-0.40796763639386
26.070000000000	-0.88366510308085	-0.40265810455868
26.080000000000	-0.88655954418796	-0.39740685761050
26.090000000000	-0.88937686116191	-0.39221313824731
26.093750000000	-0.89041396151112	-0.39028016824282
26.100000000000	-0.89211944190647	-0.38707617770731
26.110000000000	-0.89478959145666	-0.38199519730531
26.120000000000	-0.89738953499783	-0.37696940985670
26.130000000000	-0.89992142075836	-0.37199802101421
26.140000000000	-0.90238732280142	-0.36708023053726
26.150000000000	-0.90478924375019	-0.36221523349848
26.160000000000	-0.90712911747729	-0.35740222140692
26.170000000000	-0.90940881176129	-0.35264038320180
26.171875000000	-0.90982970226018	-0.35175316967112
26.180000000000	-0.91163013085617	-0.34792890606311
26.190000000000	-0.91379481783305	-0.34326697600963
26.200000000000	-0.91590455641246	-0.33865377831181
26.210000000000	-0.91796097163911	-0.33408849781797
26.220000000000	-0.91996562732624	-0.32957031937059
26.230000000000	-0.92192001076479	-0.32509842857752
26.240000000000	-0.92382543229943	-0.32067201091036
26.250000000000	-0.92568030834413	-0.31628937163430
26.260000000000	-0.92749855026207	-0.31195191801343
26.270000000000	-0.92926585357880	-0.30765716393929
26.280000000000	-0.93099035033216	-0.30340446616086
26.290000000000	-0.93267290932530	-0.29919313013457
26.300000000000	-0.93431467723374	-0.29502235598531
26.310000000000	-0.93591680662548	-0.29089133286006
26.320000000000	-0.93748042477946	-0.28679924726386
26.330000000000	-0.93900662753277	-0.28274528452679
26.340000000000	-0.94049647822159	-0.27872862897945
26.350000000000	-0.94195100804213	-0.27474846374342
26.360000000000	-0.94337121687976	-0.27080397035432
26.370000000000	-0.94475807430157	-0.26689432828277
26.380000000000	-0.94611252059992	-0.26301871437601
26.390000000000	-0.94743546784148	-0.25917630222740
26.400000000000	-0.94872780090248	-0.25536626147545
26.410000000000	-0.94999037848200	-0.25158775703020
26.420000000000	-0.95122403409013	-0.24783994822333
26.430000000000	-0.95242957701027	-0.24412198787657
26.440000000000	-0.95360779323542	-0.24043302128198
26.450000000000	-0.95475944637887	-0.23677218508666
26.460000000000	-0.95588527855930	-0.23313860607366
26.470000000000	-0.95698601126066	-0.22953139983015
26.480000000000	-0.95806234616651	-0.22594966929323
26.490000000000	-0.95911496596939	-0.22239250316297
26.500000000000	-0.96014453515541	-0.21885897417107
26.510000000000	-0.96115170076508	-0.21534813719224
26.520000000000	-0.96213709313153	-0.21185902718349
26.530000000000	-0.96310132659779	-0.20839065693411
26.540000000000	-0.96404500021462	-0.20494201460660
26.550000000000	-0.96496869842076	-0.20151206104525
26.560000000000	-0.96587299170671	-0.19809972682559
26.570000000000	-0.96675843726284	-0.19470390901302
26.580000000000	-0.96762557961113	-0.19132346759351
26.590000000000	-0.96847495121751	-0.18795722153135
26.600000000000	-0.96930707307636	-0.18460394439760
26.610000000000	-0.97012245524630	-0.18126235949368
26.620000000000	-0.97092159728319	-0.17793113435809
26.630000000000	-0.97170498841893	-0.17460887446269
26.640000000000	-0.97247310699848	-0.17129411570599
26.650000000000	-0.97322641728995	-0.16798531480736
26.660000000000	-0.97396535428088	-0.16468083625762
26.670000000000	-0.97469023503318	-0.16137896169890
26.680000000000	-0.97540126553452	-0.15807862587304
26.690000000000	-0.97610082213365	-0.15477720503429
26.700000000000	-0.97678733371956	-0.15147188161155
26.710000000000	-0.97746154594235	-0.14816132431082
26.720000000000	-0.97812405545109	-0.14484314584476
26.730000000000	-0.97877531995841	-0.14151479466761
26.740000000000	-0.97941577180709	-0.13817353845385
26.750000000000	-0.98004583534198	-0.13481643028555
26.760000000000	-0.98066593087665	-0.13144027736631
26.770000000000	-0.98127647599419	-0.12804160781387
26.780000000000	-0.98187788607682	-0.12461663338151
26.790000000000	-0.98247057447982	-0.12116120673374
26.800000000000	-0.98305495242872	-0.11767077200885
26.810000000000	-0.98363142861437	-0.11414030726461
26.820000000000	-0.98420040841001	-0.11056425713987
26.830000000000	-0.98476229259471	-0.10693645369792
26.840000000000	-0.98531747542357	-0.10325002293804
26.850000000000	-0.98586634182865	-0.099497273843329
26.860000000000	-0.98640926345782	-0.095669566035645
26.870000000000	-0.98694659314895	-0.091757151074804
26.880000000000	-0.98747865727800	-0.087748981085097
26.890000000000	-0.98800574518985	-0.083632476599552
26.900000000000	-0.98852809459585	-0.079393243114358
26.910000000000	-0.98904587136709	-0.075014722612967
26.920000000000	-0.98955914151247	-0.070477761931891
26.930000000000	-0.99006783220641	-0.065760073836715
26.940000000000	-0.99057167735653	-0.060835558367387
26.950000000000	-0.99107014111618	-0.055673440350807
26.960000000000	-0.99156230954870	-0.050237162372845
26.970000000000	-0.99204673568870	-0.044482948503241
26.980000000000	-0.99252121543571	-0.038357918846269
26.990000000000	-0.99298245919189	-0.031797582428650
27.000000000000	-0.99342560364517	-0.024722456038096
27.010000000000	-0.99384347372297	-0.017033432679890
27.020000000000	-0.99422544563910	-0.0086053266830214
27.030000000000	-0.99455565742669	0.00072229729861898
27.040000000000	-0.99481012251895	0.011158438735417
27.050000000000	-0.99495194085431	0.022980468086197
27.060000000000	-0.99492309031257	0.036564419801444
27.070000000000	-0.99462981142872	0.052432817500170
27.080000000000	-0.99391539312508	0.071332999020738
27.090000000000	-0.99250671785227	0.094370994686418
27.100000000000	-0.98990224616044	0.12325214752345
27.110000000000	-0.98511777991497	0.16074000701590
27.120000000000	-0.97604826627631	0.21159462954518
27.130000000000	-0.95764216230886	0.28464728329320
27.140000000000	-0.91568323595990	0.39771114006842
27.150000000000	-0.79998745087711	0.58818663132091
27.155000000000	-0.66059147671952	0.72923145687563
27.160000000000	-0.37659801442401	0.88477746708692
27.165000000000	0.18376509330280	0.88785523788042
27.167500000000	0.54048624596531	0.67278889994558
27.170000000000	0.78515372860120	0.24454643130927
27.171250000000	0.81062181607366	-0.014452875647282
27.172500000000	0.76321797259960	-0.26406987150039
27.173750000000	0.65691357800267	-0.47791682684810
27.175000000000	0.51439194001475	-0.64219363599361
27.180000000000	-0.066214848047421	-0.87536145240361
27.190000000000	-0.61398016253483	-0.70943271463392
27.200000000000	-0.78964015161616	-0.54587515666956
27.210000000000	-0.86336674758206	-0.44200182448057
27.220000000000	-0.90125362513872	-0.37317473817929
27.230000000000	-0.92351289066367	-0.32466047687074
27.240000000000	-0.93786005775262	-0.28865341182521
27.250000000000	-0.94775141687472	-0.26081291129335
27.260000000000	-0.95492708782829	-0.23857289799273
27.270000000000	-0.96034389241807	-0.22033098063127
27.280000000000	-0.96456536875797	-0.20503911331402
27.290000000000	-0.96794217528704	-0.19198466526313
27.300000000000	-0.97070253103909	-0.18066693682834
27.310000000000	-0.97300062390442	-0.17072418939957
27.320000000000	-0.97494396662102	-0.16188874718345
27.330000000000	-0.97660957905630	-0.15395838486571
27.340000000000	-0.97805394169085	-0.14677752689899
27.350000000000	-0.97931932768990	-0.14022455734412
27.360000000000	-0.98043795131188	-0.13420304844434
27.370000000000	-0.98143475690690	-0.12863556853262
27.380000000000	-0.98232933746444	-0.12345922754596
27.390000000000	-0.98313728166914	-0.11862241774088
27.400000000000	-0.98387113724635	-0.11408239210395
27.410000000000	-0.98454111143202	-0.10980343995890
27.420000000000	-0.98515558803812	-0.10575549495340
27.430000000000	-0.98572151442920	-0.10191306054226
27.440000000000	-0.98624469484006	-0.098254371626604
27.450000000000	-0.98673001537073	-0.094760733896657
27.460000000000	-0.98718161863549	-0.091415998212091
27.470000000000	-0.98760304128839	-0.088206138112031
27.480000000000	-0.98799732545818	-0.085118904566431
27.490000000000	-0.98836711988870	-0.082143524894612
27.500000000000	-0.98871484149326	-0.079270226125122
27.510000000000	-0.98903924274511	-0.076492782726931
27.520000000000	-0.98934945835472	-0.073800747234326
27.530000000000	-0.98964121207553	-0.071188784069021
27.540000000000	-0.98991714938698	-0.068651086464320
27.550000000000	-0.99017856195565	-0.066182319063880
27.560000000000	-0.99042653738233	-0.063777706626090
27.570000000000	-0.99066203527329	-0.061432946965686
27.580000000000	-0.99088591215191	-0.059144149779481
27.590000000000	-0.99109893683447	-0.056907786901980
27.600000000000	-0.99130180224101	-0.054720650202995
27.610000000000	-0.99149513516095	-0.052579815379102
27.620000000000	-0.99167950451756	-0.050482610516343
27.630000000000	-0.99185542836731	-0.048426588634632
27.636250000000	-0.99196130396249	-0.047161482464630
27.640000000000	-0.99202337978485	-0.046409503660570
27.650000000000	-0.99218379180252	-0.044429289419746
27.660000000000	-0.99233706160540	-0.042484041289611
27.670000000000	-0.99248355417219	-0.040572000155853
27.680000000000	-0.99262360549967	-0.038691538324699
27.690000000000	-0.99275752548875	-0.036841147083313
27.700000000000	-0.99288560053179	-0.035019425657485
27.710000000000	-0.99300809582495	-0.033225071370584
27.720000000000	-0.99312525742851	-0.031456870848193
27.730000000000	-0.99323731410100	-0.029713692140305
27.740000000000	-0.99334447893498	-0.027994477650153
27.750000000000	-0.99344695082259	-0.026298237769087
27.760000000000	-0.99354491577612	-0.024624045120838
27.770000000000	-0.99363854811940	-0.022971029314157
27.772500000000	-0.99366129863747	-0.022560987275004
27.780000000000	-0.99372801153909	-0.021338372088996
27.790000000000	-0.99381345990820	-0.019725302726920
27.800000000000	-0.99389503761545	-0.018131093654196
27.810000000000	-0.99397287887622	-0.016555056550929
27.820000000000	-0.99404710580494	-0.014996540386480
27.830000000000	-0.99411782768898	-0.013454933489330
27.840000000000	-0.99418514721587	-0.011929666754414
27.850000000000	-0.99424917117819	-0.010420207413831
27.860000000000	-0.99431001081225	-0.0089260449406465
27.870000000000	-0.99436777235071	-0.0074466854752890
27.880000000000	-0.99442255208838	-0.0059816553564983
27.890000000000	-0.99447443777069	-0.0045305039341207
27.900000000000	-0.99452351113894	-0.0030928032172895
27.908750000000	-0.99456420423025	-0.0018455284206471
27.910000000000	-0.99456984950537	-0.0016681461873706
27.920000000000	-0.99461352650410	-0.00025614502281022
27.930000000000	-0.99465461245448	0.0011435704352823
27.940000000000	-0.99469317458112	0.0025313539805434
27.950000000000	-0.99472927718963	0.0039075441611436
27.960000000000	-0.99476298183430	0.0052724652683258
27.970000000000	-0.99479434749331	0.0066264282195652
27.980000000000	-0.99482343076670	0.0079697313434551
27.990000000000	-0.99485028612664	0.0093026610434266
28.000000000000	-0.99487496628488	0.010625492236028
28.010000000000	-0.99489752279514	0.011938488153736
28.020000000000	-0.99491800669772	0.013241897727989
28.030000000000	-0.99493646220645	0.014535943365946
28.040000000000	-0.99495285213570	0.015820831914323
28.045000000000	-0.99496025400380	0.016459981413271
28.050000000000	-0.99496719795984	0.017096993125576
28.060000000000	-0.99497974945941	0.018364559879372
28.070000000000	-0.99499045866795	0.019623659384186
28.080000000000	-0.99499933317891	0.020874519946664
28.090000000000	-0.99500640624546	0.022117352350755
28.100000000000	-0.99501171273092	0.023352354712194
28.110000000000	-0.99501528626786	0.024579717019651
28.120000000000	-0.99501715906039	0.025799622830957
28.130000000000	-0.99501736197640	0.027012250049609
28.140000000000	-0.99501592464814	0.028217771390399
28.150000000000	-0.99501287555365	0.029416354722198
28.160000000000	-0.99500824208219	0.030608163352532
28.170000000000	-0.99500205058884	0.031793356279171
28.180000000000	-0.99499432644157	0.032972088419681
28.181250000000	-0.99499325438484	0.033118983226981
28.190000000000	-0.99498509406300	0.034144510824323
28.200000000000	-0.99497437696783	0.035310770875301
28.210000000000	-0.99496219779696	0.036471012474176
28.220000000000	-0.99494857834852	0.037625376218732
28.230000000000	-0.99493353960616	0.038773999570248
28.240000000000	-0.99491710176451	0.039917017012016
28.250000000000	-0.99489928425189	0.041054560199812
28.260000000000	-0.99488010574976	0.042186758105127
28.270000000000	-0.99485958420867	0.043313737152078
28.280000000000	-0.99483773685990	0.044435621349279
28.290000000000	-0.99481458022221	0.045552532418579
28.300000000000	-0.99479013010307	0.046664589923648
28.310000000000	-0.99476440159482	0.047771911403000
28.317500000000	-0.99474427494316	0.048599364137035
28.320000000000	-0.99473740906867	0.048874612513979
28.330000000000	-0.99470916617473	0.049972807195589
28.340000000000	-0.99467968586567	0.051066607855814
28.350000000000	-0.99464898047322	0.052156125577409
28.360000000000	-0.99461706187235	0.053241470307851
28.370000000000	-0.99458394174366	0.054322750956512
28.380000000000	-0.99454963186845	0.055400075299170
28.390000000000	-0.99451414428518	0.056473549655330
28.400000000000	-0.99447749111861	0.057543278483446
28.410000000000	-0.99443968407884	0.058609364191313
28.420000000000	-0.99440073390051	0.059671907362701
28.430000000000	-0.99436065004867	0.060731007293239
28.440000000000	-0.99431944078576	0.061786762534507
28.450000000000	-0.99427711344747	0.062839271233049
28.453750000000	-0.99426095382387	0.063233144978182
28.460000000000	-0.99423367472863	0.063888631250025
28.470000000000	-0.99418913087586	0.064934940157019
28.480000000000	-0.99414348777921	0.065978295201800
28.490000000000	-0.99409675099485	0.067018793295022
28.500000000000	-0.99404892573160	0.068056531034641
28.510000000000	-0.99400001682009	0.069091604770476
28.520000000000	-0.99395002866861	0.070124110711576
28.530000000000	-0.99389896519347	0.071154145088705
28.540000000000	-0.99384682968309	0.072181804403385
28.550000000000	-0.99379362448322	0.073207185826585
28.560000000000	-0.99373935017588	0.074230387842957
28.570000000000	-0.99368400323961	0.075251511103763
28.580000000000	-0.99362756910098	0.076270657801775
28.590000000000	-0.99357000535456	0.077287915961866
28.600000000000	-0.99351126094500	0.078303279153964
28.610000000000	-0.99345152187635	0.079316697667897
28.620000000000	-0.99339095740276	0.080328517577589
28.630000000000	-0.99332937388612	0.081338950144012
28.640000000000	-0.99326669743048	0.082348015753434
28.650000000000	-0.99320293221184	0.083355771138563
28.660000000000	-0.99313808692314	0.084362301179194
28.670000000000	-0.99307216579995	0.085367700394466
28.680000000000	-0.99300516974526	0.086372066784406
28.690000000000	-0.99293709758100	0.087375500019726
28.700000000000	-0.99286794675163	0.088378100919791
28.710000000000	-0.99279771368992	0.089379971328445
28.720000000000	-0.99272639400769	0.090381214121965
28.726250000000	-0.99268126516509	0.091006718304524
28.730000000000	-0.99265398259635	0.091381933264199
28.740000000000	-0.99258047367961	0.092382233879940
28.750000000000	-0.99250586083962	0.093382222336180
28.760000000000	-0.99243013702769	0.094382006327532
28.770000000000	-0.99235329456555	0.095381694964521
28.780000000000	-0.99227532514039	0.096381398864415
28.790000000000	-0.99219621979581	0.097381230244606
28.800000000000	-0.99211596891955	0.098381303018733
28.810000000000	-0.99203456222882	0.099381732895762
28.820000000000	-0.99195198875359	0.10038263748227
28.830000000000	-0.99186823681804	0.10138413638818
28.840000000000	-0.99178329402039	0.10238635133626
28.850000000000	-0.99169714721107	0.10338940627557
28.860000000000	-0.99160978246930	0.10439342749919
28.862500000000	-0.99158774927513	0.10464459882002
28.870000000000	-0.99152118507807	0.10539854376646
28.880000000000	-0.99143133949748	0.10640488643007
28.890000000000	-0.99134022933635	0.10741258956826
28.900000000000	-0.99124783732215	0.10842179012236
28.910000000000	-0.99115414526895	0.10943262804013
28.920000000000	-0.99105913404357	0.11044524642502
28.930000000000	-0.99096278352963	0.11145979169170
28.940000000000	-0.99086507258961	0.11247641372818
28.950000000000	-0.99076597902461	0.11349526606460
28.960000000000	-0.99066547953214	0.11451650604892
28.970000000000	-0.99056354966164	0.11554029502936
28.980000000000	-0.99046016376833	0.11656679854340
28.990000000000	-0.99035529496590	0.11759618651251
28.998750000000	-0.99026229619821	0.11849940420736
29.000000000000	-0.99024891507949	0.11862863344123
29.010000000000	-0.99014099460220	0.11966431861790
29.020000000000	-0.99003150266170	0.12070342631287
29.030000000000	-0.98992040701146	0.12174614596728
29.040000000000	-0.98980767407886	0.12279267236464
29.050000000000	-0.98969326914290	0.12384320578453
29.060000000000	-0.98957715680526	0.12489795218811
29.070000000000	-0.98945930209330	0.12595712371198
29.080000000000	-0.98933967263310	0.12702094061089
29.090000000000	-0.98921824066339	0.12808963815693
29.100000000000	-0.98909497354815	0.12916348165591
29.110000000000	-0.98896979387889	0.13024276004748
29.120000000000	-0.98884258148697	0.13132771118132
29.130000000000	-0.98871327540933	0.13241852738399
29.135000000000	-0.98864783356129	0.13296620894878
29.140000000000	-0.98858186235662	0.13351545304574
29.150000000000	-0.98844831081501	0.13461877787826
29.160000000000	-0.98831256796139	0.13572880428192
29.170000000000	-0.98817457124252	0.13684584049565
29.180000000000	-0.98803425351083	0.13797020253485
29.190000000000	-0.98789154434399	0.13910221646813
29.200000000000	-0.98774637015197	0.14024222000093
29.210000000000	-0.98759865397678	0.14139056362271
29.220000000000	-0.98744831523791	0.14254761155739
29.230000000000	-0.98729526949049	0.14371374264824
29.240000000000	-0.98713942821808	0.14488935125125
29.250000000000	-0.98698069867521	0.14607484819882
29.260000000000	-0.98681898378347	0.14727066192238
29.270000000000	-0.98665418202063	0.14847723988262
29.271250000000	-0.98663335951623	0.14862884207308
29.280000000000	-0.98648618703153	0.14969505048415
29.290000000000	-0.98631488629715	0.15092458535073
29.300000000000	-0.98614015823447	0.15216636072946
29.310000000000	-0.98596186920860	0.15342091584074
29.320000000000	-0.98577987479254	0.15468880918766
29.330000000000	-0.98559402547276	0.15597061917967
29.340000000000	-0.98540416952259	0.15726695076136
29.350000000000	-0.98521015020026	0.15857844148575
29.360000000000	-0.98501180182234	0.15990576376439
29.370000000000	-0.98480894762866	0.16124962551712
29.380000000000	-0.98460139897385	0.16261077123894
29.390000000000	-0.98438895486316	0.16398998385116
29.400000000000	-0.98417140139188	0.16538808711698
29.407500000000	-0.98400474691564	0.16644958162093
29.410000000000	-0.98394851099675	0.16680594842463
29.420000000000	-0.98372004153347	0.16824448185134
29.430000000000	-0.98348573520399	0.16970465148952
29.440000000000	-0.98324531734696	0.17118747504777
29.450000000000	-0.98299849509284	0.17269402775251
29.460000000000	-0.98274495587795	0.17422544658255
29.470000000000	-0.98248436580611	0.17578293487330
29.480000000000	-0.98221636784277	0.17736776733112
29.490000000000	-0.98194057982304	0.17898129550297
29.500000000000	-0.98165659225205	0.18062495375165
29.510000000000	-0.98136396587261	0.18230026579273
29.520000000000	-0.98106222897130	0.18400885185640
29.530000000000	-0.98075087439023	0.18575243654545
29.540000000000	-0.98042935620653	0.18753285746965
29.543750000000	-0.98030604793393	0.18821040809512
29.550000000000	-0.98009708603627	0.18935207474778
29.560000000000	-0.97975342891271	0.19121218148045
29.570000000000	-0.97939769868140	0.19311541531163
29.580000000000	-0.97902915284533	0.19506417121258
29.590000000000	-0.97864698678294	0.19706101564165
29.600000000000	-0.97825032724907	0.19910870225520
29.610000000000	-0.97783822505421	0.20121018937086
29.620000000000	-0.97740964679942	0.20336865941464
29.630000000000	-0.97696346552324	0.20558754061874
29.640000000000	-0.97649845009107	0.20787053127836
29.650000000000	-0.97601325312670	0.21022162692499
29.660000000000	-0.97550639724737	0.21264515083144
29.670000000000	-0.97497625931727	0.21514578833348
29.680000000000	-0.97442105237598	0.21772862553715
29.690000000000	-0.97383880482672	0.22039919308490
29.700000000000	-0.97322733638225	0.22316351578675
29.710000000000	-0.97258423016915	0.22602816909506
29.720000000000	-0.97190680030142	0.22900034362173
29.730000000000	-0.97119205418639	0.23208791914297
29.740000000000	-0.97043664882732	0.23529954971731
29.750000000000	-0.96963684028445	0.23864476151604
29.760000000000	-0.96878842483925	0.24213406482960
29.770000000000	-0.96788666909126	0.24577908219692
29.780000000000	-0.96692622517158	0.24959269636956
29.790000000000	-0.96590102771065	0.25358922377553
29.800000000000	-0.96480417007596	0.25778461948474
29.810000000000	-0.96362775647382	0.26219671917134
29.820000000000	-0.96236272398986	0.26684552439517
29.830000000000	-0.96099862612781	0.27175353991565
29.840000000000	-0.95952336715607	0.27694617468984
29.850000000000	-0.95792287379494	0.28245222137452
29.860000000000	-0.95618068679123	0.28830443294531
29.870000000000	-0.95427744927937	0.29454021997058
29.880000000000	-0.95219026096427	0.30120249860196
29.890000000000	-0.94989185620601	0.30834072800511
29.900000000000	-0.94734954867366	0.31601218748835
29.910000000000	-0.94452386328560	0.32428355901844
29.920000000000	-0.94136674447339	0.33323290158234
29.930000000000	-0.93781918343695	0.34295213196316
29.940000000000	-0.93380803816530	0.35355016472396
29.950000000000	-0.92924171598389	0.36515691632958
29.960000000000	-0.92400422862146	0.37792844944539
29.970000000000	-0.91794687977393	0.39205362992357
29.980000000000	-0.91087644597984	0.40776279793125
29.990000000000	-0.90253806039438	0.42533912125090
30.000000000000	-0.89258992152023	0.44513349785971
