#Parameters = {L=6; d=0.018; h=0.508; h_air=12; w=2.75}
#"Frequency / GHz"	"SZmax(1),Zmax(1) [Real/Imaginary Part] [Re]"	"SZmax(1),Zmax(1) [Real/Imaginary Part] [Im]"
#-------------------------------------------------------------------------------------------------------------
20.000000000000	-0.78136544228482	0.61934998554969
20.010000000000	-0.78078734762893	0.62005916671377
20.020000000000	-0.78020687925765	0.62076986983691
20.030000000000	-0.77962402253729	0.62148210048166
20.040000000000	-0.77903876272121	0.62219586421184
20.050000000000	-0.77845108495026	0.62291116658801
20.060000000000	-0.77786097425389	0.62362801316153
20.070000000000	-0.77726841555223	0.62434640946683
20.080000000000	-0.77667339365986	0.62506636101090
20.090000000000	-0.77607589329189	0.62578787325921
20.100000000000	-0.77547589907412	0.62651095161631
20.110000000000	-0.77487339555951	0.62723560139879
20.120000000000	-0.77426836725549	0.62796182779719
20.130000000000	-0.77366079866990	0.62868963582145
20.140000000000	-0.77305067438985	0.62941903022215
20.150000000000	-0.77243797922166	0.63015001537614
20.156250000000	-0.77205373264051	0.63060769063636
20.160000000000	-0.77182269844722	0.63088259512236
20.170000000000	-0.77120481831287	0.63161677253704
20.180000000000	-0.77058432700041	0.63235254967427
20.190000000000	-0.76996121663286	0.63308992747172
20.200000000000	-0.76933548750447	0.63382890674655
20.210000000000	-0.76870715657412	0.63456949408323
20.220000000000	-0.76807626902828	0.63531172649693
20.230000000000	-0.76744287332159	0.63605574539867
20.240000000000	-0.76680680217562	0.63680182860622
20.250000000000	-0.76616753901006	0.63754988865142
20.260000000000	-0.76552507740091	0.63829936421952
20.270000000000	-0.76487981133085	0.63905018046530
20.280000000000	-0.76423185732041	0.63980252329222
20.290000000000	-0.76358118013108	0.64055650180013
20.300000000000	-0.76292772947329	0.64131215937493
20.310000000000	-0.76227146502068	0.64206951377690
20.312500000000	-0.76210695539627	0.64225911865978
20.320000000000	-0.76161235502092	0.64282857413541
20.330000000000	-0.76095037287312	0.64358934681573
20.340000000000	-0.76028549487506	0.64435183738803
20.350000000000	-0.75961769894190	0.64511605128346
20.360000000000	-0.75894696388953	0.64588199400168
20.370000000000	-0.75827326902635	0.64664967116356
20.380000000000	-0.75759659391364	0.64741908851169
20.390000000000	-0.75691691822043	0.64819025189532
20.400000000000	-0.75623422163257	0.64896316725251
20.410000000000	-0.75554848379401	0.64973784059370
20.420000000000	-0.75485968426764	0.65051427798767
20.430000000000	-0.75416780250842	0.65129248554977
20.440000000000	-0.75347281784432	0.65207246943203
20.450000000000	-0.75277470946244	0.65285423581446
20.460000000000	-0.75207345639857	0.65363779089722
20.468750000000	-0.75145726374380	0.65432487377167
20.470000000000	-0.75136903752908	0.65442314089295
20.480000000000	-0.75066143156456	0.65521029201884
20.490000000000	-0.74995061704457	0.65599925048777
20.500000000000	-0.74923657233351	0.65679002249780
20.510000000000	-0.74851927561734	0.65758261421886
20.520000000000	-0.74779870490134	0.65837703177522
20.530000000000	-0.74707483800938	0.65917328122137
20.540000000000	-0.74634765258562	0.65997136850770
20.550000000000	-0.74561712610038	0.66077129942992
20.560000000000	-0.74488323586435	0.66157307955228
20.570000000000	-0.74414595905888	0.66237671408677
20.580000000000	-0.74340527280037	0.66318220769620
20.590000000000	-0.74266115427916	0.66398956416005
20.600000000000	-0.74191358107328	0.66479878578237
20.610000000000	-0.74116253190343	0.66560987229402
20.620000000000	-0.74040798861052	0.66642281873559
20.625000000000	-0.74002940308301	0.66682998564972
20.630000000000	-0.73964994192015	0.66723761136307
20.640000000000	-0.73888841049864	0.66805422121534
20.650000000000	-0.73812351043937	0.66887261365750
20.660000000000	-0.73735563297388	0.66969299970911
20.670000000000	-0.73658442681674	0.67051673666479
20.680000000000	-0.73580771579518	0.67134264426551
20.690000000000	-0.73502717764229	0.67216933438928
20.700000000000	-0.73424330323660	0.67299769090209
20.710000000000	-0.73345588633955	0.67382797995985
20.720000000000	-0.73266480217996	0.67466024515852
20.730000000000	-0.73186998191255	0.67549449378720
20.740000000000	-0.73107137936218	0.67633072844968
20.750000000000	-0.73026895783261	0.67716895211999
20.760000000000	-0.72946268489680	0.67800916871359
20.770000000000	-0.72865253016799	0.67885138292874
20.780000000000	-0.72783846426370	0.67969560003333
20.781250000000	-0.72773642957888	0.67980126827871
20.790000000000	-0.72702045828778	0.68054182570561
20.800000000000	-0.72619848355440	0.68139006593101
20.810000000000	-0.72537251143159	0.68224032694266
20.820000000000	-0.72454251324456	0.68309261519490
20.830000000000	-0.72370846020590	0.68394693736281
20.840000000000	-0.72287032335051	0.68480330036266
20.850000000000	-0.72202807345578	0.68566171138657
20.860000000000	-0.72118168092792	0.68652217793868
20.870000000000	-0.72033111563695	0.68738470784644
20.880000000000	-0.71947634669524	0.68824930920090
20.890000000000	-0.71861734220928	0.68911599015994
20.900000000000	-0.71775406910010	0.68998475855552
20.910000000000	-0.71688649316173	0.69085562132041
20.920000000000	-0.71601457953168	0.69172858391376
20.930000000000	-0.71513829357370	0.69260365009196
20.937500000000	-0.71447818958280	0.69326133171421
20.940000000000	-0.71425760184428	0.69348082233148
20.950000000000	-0.71337247260787	0.69436010284365
20.960000000000	-0.71248287558284	0.69524149468472
20.970000000000	-0.71158878110750	0.69612500240439
20.980000000000	-0.71069015922779	0.69701063204705
20.990000000000	-0.70978697909573	0.69789839072163
21.000000000000	-0.70887920876136	0.69878828607237
21.010000000000	-0.70796681523576	0.69968032586340
21.020000000000	-0.70704976466724	0.70057451773439
21.030000000000	-0.70612802252501	0.70147086909492
21.040000000000	-0.70520155374514	0.70236938710366
21.050000000000	-0.70427032283049	0.70327007868848
21.060000000000	-0.70333429391216	0.70417295058044
21.070000000000	-0.70239343078380	0.70507800934786
21.080000000000	-0.70144769691843	0.70598526142476
21.090000000000	-0.70049705547483	0.70689471313193
21.093750000000	-0.70013929212517	0.70723632588707
21.100000000000	-0.69954146929832	0.70780637069075
21.110000000000	-0.69858090091901	0.70872024023026
21.120000000000	-0.69761531254959	0.70963632778762
21.130000000000	-0.69664466608422	0.71055463930150
21.140000000000	-0.69566892310005	0.71147518059694
21.150000000000	-0.69468804486357	0.71239795735782
21.160000000000	-0.69370199234520	0.71332297508001
21.170000000000	-0.69271072624865	0.71425023899100
21.180000000000	-0.69171420706821	0.71517975390717
21.190000000000	-0.69071239520310	0.71611152396561
21.200000000000	-0.68970525119830	0.71704555208121
21.210000000000	-0.68869273630049	0.71798183873268
21.220000000000	-0.68767481392408	0.71892037885787
21.230000000000	-0.68665145438107	0.71986115221512
21.240000000000	-0.68562265620638	0.72080408251723
21.250000000000	-0.68458864358181	0.72174871029753
21.260000000000	-0.68354728267221	0.72270572265185
21.270000000000	-0.68250173975212	0.72364931053044
21.280000000000	-0.68145055086074	0.72460117300209
21.290000000000	-0.68039354077105	0.72555569038267
21.300000000000	-0.67933073358653	0.72651262406917
21.310000000000	-0.67826210184161	0.72747192430333
21.320000000000	-0.67718760643446	0.72843357693265
21.330000000000	-0.67610720421601	0.72939757850098
21.340000000000	-0.67502085013758	0.73036392964870
21.350000000000	-0.67392849801834	0.73133263283410
21.360000000000	-0.67283010086482	0.73230369139887
21.370000000000	-0.67172561101848	0.73327710913470
21.380000000000	-0.67061498022881	0.73425289006237
21.390000000000	-0.66949815969092	0.73523103831034
21.400000000000	-0.66837510006494	0.73621155804354
21.406250000000	-0.66766999737656	0.73682558899509
21.410000000000	-0.66724575148550	0.73719445341917
21.420000000000	-0.66611006356543	0.73817972855776
21.430000000000	-0.66496798539605	0.73916738752324
21.440000000000	-0.66381946554532	0.74015743430838
21.450000000000	-0.66266445205449	0.74114987282379
21.460000000000	-0.66150289243388	0.74214470688901
21.470000000000	-0.66033473365792	0.74314194022500
21.480000000000	-0.65915992215974	0.74414157644753
21.490000000000	-0.65797840382542	0.74514361906120
21.500000000000	-0.65679012398798	0.74614807145366
21.510000000000	-0.65559502742117	0.74715493689007
21.520000000000	-0.65439305833317	0.74816421850768
21.530000000000	-0.65318416036021	0.74917591931022
21.540000000000	-0.65196827656028	0.75019004216238
21.550000000000	-0.65074534940673	0.75120658978410
21.560000000000	-0.64951532078220	0.75222556474479
21.562500000000	-0.64920669715386	0.75248068804297
21.570000000000	-0.64827813197258	0.75324696945744
21.580000000000	-0.64703372366126	0.75427080617277
21.590000000000	-0.64578203592363	0.75529707697343
21.600000000000	-0.64452300822183	0.75632578376831
21.610000000000	-0.64325657939977	0.75735692828736
21.620000000000	-0.64198268767830	0.75839051207674
21.630000000000	-0.64070127065024	0.75942653649480
21.640000000000	-0.63941226527531	0.76046500270901
21.650000000000	-0.63811560787427	0.76150591169382
21.660000000000	-0.63681123412205	0.76254926422989
21.670000000000	-0.63549907903924	0.76359506090452
21.680000000000	-0.63417907698131	0.76464330211335
21.690000000000	-0.63285116162502	0.76569398806343
21.700000000000	-0.63151526595132	0.76674711877750
21.710000000000	-0.63017132222430	0.76780269409984
21.718750000000	-0.62898871573017	0.76872832759724
21.720000000000	-0.62881926196566	0.76886071370436
21.730000000000	-0.62745901592477	0.76992117710635
21.740000000000	-0.62609051404434	0.77098408368073
21.750000000000	-0.62471368542336	0.77204943269164
21.760000000000	-0.62332845828056	0.77311722334119
21.770000000000	-0.62193475992732	0.77418745484893
21.780000000000	-0.62053251676881	0.77526012657716
21.790000000000	-0.61912165437324	0.77633523821636
21.800000000000	-0.61770209768391	0.77741279002738
21.810000000000	-0.61627377149415	0.77849278307525
21.820000000000	-0.61483660131686	0.77957521923654
21.830000000000	-0.61339051461365	0.78066010050730
21.840000000000	-0.61193544176458	0.78174742699815
21.850000000000	-0.61047131524090	0.78283719368566
21.860000000000	-0.60899806556465	0.78392938802834
21.870000000000	-0.60751561567868	0.78502399188812
21.875000000000	-0.60677091383530	0.78557219173629
21.880000000000	-0.60602387876460	0.78612098785931
21.890000000000	-0.60452276193867	0.78722036475294
21.900000000000	-0.60301217198002	0.78832211801404
21.910000000000	-0.60149201848900	0.78942624659506
21.920000000000	-0.59996221393051	0.79053274982148
21.930000000000	-0.59842267234450	0.79164162577236
21.940000000000	-0.59687330809363	0.79275287088477
21.950000000000	-0.59531403506256	0.79386648011363
21.960000000000	-0.59374476624725	0.79498244722454
21.970000000000	-0.59216541357954	0.79610076505127
21.980000000000	-0.59057588786954	0.79722142567952
21.990000000000	-0.58897609879890	0.79834442056553
22.000000000000	-0.58736595493184	0.79946974060740
22.010000000000	-0.58574536372934	0.80059737618518
22.020000000000	-0.58411423156075	0.80172731718100
22.030000000000	-0.58247246371120	0.80285955298672
22.031250000000	-0.58226649014938	0.80300124326886
22.040000000000	-0.58081996438493	0.80399407250373
22.050000000000	-0.57915663670490	0.80513086413804
22.060000000000	-0.57748238270956	0.80626991579212
22.070000000000	-0.57579710334728	0.80741121485491
22.080000000000	-0.57410069846903	0.80855474819045
22.090000000000	-0.57239306681962	0.80970050212566
22.100000000000	-0.57067410602792	0.81084846243737
22.110000000000	-0.56894371259621	0.81199861433899
22.120000000000	-0.56720178188892	0.81315094246663
22.130000000000	-0.56544820812073	0.81430543086493
22.140000000000	-0.56368288434440	0.81546206297255
22.150000000000	-0.56190570243811	0.81662082160724
22.160000000000	-0.56011655309265	0.81778168895067
22.170000000000	-0.55831532579823	0.81894464653287
22.180000000000	-0.55650190883123	0.82010967521630
22.187500000000	-0.55513377873281	0.82098479399141
22.190000000000	-0.55467618924068	0.82127675517953
22.200000000000	-0.55283805283464	0.82244586590055
22.210000000000	-0.55098738416645	0.82361698613954
22.220000000000	-0.54912406652077	0.82479009392129
22.230000000000	-0.54724798189962	0.82596516651698
22.240000000000	-0.54535901100818	0.82714218042547
22.250000000000	-0.54345703324042	0.82832111135397
22.260000000000	-0.54154192666458	0.82950193419800
22.270000000000	-0.53961356800833	0.83068462302082
22.280000000000	-0.53767183264364	0.83186915103198
22.290000000000	-0.53571659457115	0.83305549056528
22.300000000000	-0.53374772640414	0.83424361305605
22.310000000000	-0.53176509935175	0.83543348901776
22.320000000000	-0.52976858320165	0.83662508801815
22.330000000000	-0.52775804630182	0.83781837865501
22.340000000000	-0.52573335554162	0.83901332853168
22.343750000000	-0.52497042004219	0.83946185572106
22.350000000000	-0.52369437633216	0.84020990423267
22.360000000000	-0.52164097258606	0.84140807129940
22.370000000000	-0.51957300669679	0.84260779420629
22.380000000000	-0.51749033951799	0.84380903633738
22.390000000000	-0.51539283034298	0.84501175996333
22.400000000000	-0.51328033688481	0.84621592621876
22.410000000000	-0.51115271525723	0.84742149507975
22.420000000000	-0.50900981995663	0.84862842534094
22.430000000000	-0.50685150384524	0.84983667459214
22.440000000000	-0.50467761813521	0.85104619919377
22.450000000000	-0.50248801237379	0.85225695425093
22.460000000000	-0.50028253442886	0.85346889358585
22.470000000000	-0.49806103047486	0.85468196970855
22.480000000000	-0.49582334497855	0.85589613378568
22.490000000000	-0.49356932068438	0.85711133560777
22.500000000000	-0.49129879859924	0.85832752355495
22.510000000000	-0.48901161797647	0.85954464456145
22.520000000000	-0.48670761629907	0.86076264407903
22.530000000000	-0.48438662926220	0.86198146603973
22.540000000000	-0.48204849075489	0.86320105281778
22.550000000000	-0.47969303284130	0.86442134519125
22.560000000000	-0.47732008574136	0.86564228230303
22.570000000000	-0.47492947781120	0.86686380162158
22.580000000000	-0.47252103552312	0.86808583890127
22.590000000000	-0.47009458344543	0.86930832814228
22.600000000000	-0.46764994422201	0.87053120155015
22.610000000000	-0.46518693855166	0.87175438949478
22.620000000000	-0.46270538516716	0.87297782046904
22.630000000000	-0.46020510081401	0.87420142104659
22.640000000000	-0.45768590022875	0.87542511583919
22.650000000000	-0.45514759611686	0.87664882745306
22.656250000000	-0.45355137098934	0.87741362054077
22.660000000000	-0.45258999913011	0.87787247644429
22.670000000000	-0.45001291784342	0.87909598127300
22.680000000000	-0.44741615873128	0.88031925825612
22.690000000000	-0.44479952614403	0.88154222151840
22.700000000000	-0.44216282228426	0.88276478294141
22.710000000000	-0.43950584718399	0.88398685211032
22.720000000000	-0.43682839868342	0.88520833625819
22.730000000000	-0.43413027241239	0.88642914020761
22.740000000000	-0.43141126177559	0.88764916630972
22.750000000000	-0.42867115794317	0.88886831438018
22.760000000000	-0.42590974984789	0.89008648163180
22.770000000000	-0.42312682418977	0.89130356260259
22.780000000000	-0.42032216544841	0.89251944907680
22.790000000000	-0.41749555590119	0.89373402999529
22.800000000000	-0.41464677564225	0.89494719134974
22.810000000000	-0.41177560259204	0.89615881605569
22.812500000000	-0.41105428422301	0.89646146810518
22.820000000000	-0.40888181248054	0.89736878380279
22.830000000000	-0.40596517878187	0.89857697089170
22.840000000000	-0.40302547258078	0.89978325008496
22.850000000000	-0.40006246237157	0.90098749051916
22.860000000000	-0.39707591382934	0.90218955772888
22.870000000000	-0.39406558963699	0.90338931380001
22.880000000000	-0.39103124945853	0.90458661760043
22.890000000000	-0.38797265009380	0.90578132497362
22.900000000000	-0.38488954575485	0.90697328878197
22.910000000000	-0.38178168834242	0.90816235876266
22.920000000000	-0.37864882761781	0.90934838125144
22.930000000000	-0.37549071123773	0.91053119887163
22.940000000000	-0.37230708468473	0.91171065026489
22.950000000000	-0.36909769115011	0.91288656989326
22.960000000000	-0.36586227141536	0.91405878790468
22.968750000000	-0.36300972384281	0.91508130530013
22.970000000000	-0.36260056375587	0.91522713003897
22.980000000000	-0.35931230387264	0.91639141755216
22.990000000000	-0.35599722484786	0.91755146714395
23.000000000000	-0.35265505711730	0.91870709088002
23.010000000000	-0.34928552845253	0.91985809610582
23.020000000000	-0.34588836394725	0.92100428535047
23.030000000000	-0.34246328600225	0.92214545622032
23.040000000000	-0.33901001430297	0.92328140128079
23.046875000000	-0.33661938844506	0.92405922186370
23.050000000000	-0.33552826577924	0.92441190792273
23.060000000000	-0.33201775452649	0.92553675820362
23.070000000000	-0.32847819163673	0.92665572863938
23.080000000000	-0.32490928479621	0.92776858988163
23.090000000000	-0.32131073717251	0.92887510607874
23.100000000000	-0.31768224355327	0.92997503316662
23.110000000000	-0.31402347053024	0.93106811242276
23.120000000000	-0.31033379698864	0.93215405991725
23.125000000000	-0.30847696082155	0.93269661105629
23.130000000000	-0.30661487325340	0.93323352141008
23.140000000000	-0.30286342889805	0.93430423904349
23.150000000000	-0.29908072429936	0.93536740802438
23.160000000000	-0.29526629902851	0.93642246912097
23.170000000000	-0.29141981399167	0.93746911125321
23.180000000000	-0.28754094523465	0.93850703680501
23.190000000000	-0.28362937074884	0.93953594552411
23.200000000000	-0.27968476759215	0.94055553137649
23.203125000000	-0.27844525436814	0.94087219078209
23.210000000000	-0.27570681102373	0.94156548153965
23.220000000000	-0.27169517419579	0.94256547593338
23.230000000000	-0.26764952803837	0.94355518692230
23.240000000000	-0.26356954122254	0.94453427908173
23.250000000000	-0.25945488016041	0.94550240898902
23.260000000000	-0.25530520902457	0.94645922502482
23.270000000000	-0.25112018977920	0.94740436717747
23.280000000000	-0.24689948221924	0.94833746684732
23.281250000000	-0.24636936741284	0.94845323887051
23.290000000000	-0.24264274401571	0.94925814664913
23.300000000000	-0.23834963076625	0.95016602021147
23.310000000000	-0.23401979605043	0.95106069197273
23.320000000000	-0.22965289148971	0.95194175697309
23.330000000000	-0.22524856681196	0.95280880064227
23.340000000000	-0.22080646992074	0.95366139858286
23.350000000000	-0.21632624696944	0.95449911634899
23.359375000000	-0.21209109561260	0.95527056719708
23.360000000000	-0.21180754244057	0.95532150922021
23.370000000000	-0.20724999923048	0.95612812197064
23.380000000000	-0.20265325873983	0.95691848863322
23.390000000000	-0.19801696097021	0.95769213225919
23.400000000000	-0.19334074462711	0.95844856467295
23.410000000000	-0.18862424722989	0.95918728622230
23.420000000000	-0.18386710522876	0.95990778552461
23.430000000000	-0.17906895412930	0.96060953920882
23.437500000000	-0.17544320885562	0.96112323091861
23.440000000000	-0.17422942862459	0.96129201165393
23.450000000000	-0.16934816273526	0.96195465472410
23.460000000000	-0.16442478995747	0.96259690750070
23.470000000000	-0.15945894341884	0.96321819601159
23.480000000000	-0.15445025604241	0.96381793295766
23.490000000000	-0.14939836071859	0.96439551743683
23.500000000000	-0.14430289048496	0.96495033466514
23.510000000000	-0.13916347871415	0.96548175569506
23.518750000000	-0.13463015980516	0.96592705146781
23.520000000000	-0.13397975930973	0.96598913713038
23.530000000000	-0.12875136691035	0.96647182083745
23.540000000000	-0.12347793710242	0.96692913365230
23.550000000000	-0.11815910664169	0.96736038708313
23.560000000000	-0.11279451368405	0.96776487700783
23.570000000000	-0.10738379802610	0.96814188336605
23.580000000000	-0.10192660135593	0.96849066984559
23.590000000000	-0.096422567514226	0.96881048356267
23.600000000000	-0.090871342766186	0.96910055473579
23.610000000000	-0.085272576083798	0.96936009635279
23.620000000000	-0.079625919438040	0.96958830383021
23.630000000000	-0.073931028099450	0.96978435466379
23.640000000000	-0.068187560944073	0.96994740806763
23.650000000000	-0.062395180758976	0.97007660459780
23.660000000000	-0.056553554535925	0.97017106575190
23.670000000000	-0.050662353729823	0.97022989352826
23.680000000000	-0.044721254431270	0.97025216990978
23.690000000000	-0.038729937333446	0.97023695619388
23.700000000000	-0.032688087177875	0.97018329197201
23.710000000000	-0.026595390714306	0.97009019320289
23.720000000000	-0.020451529539721	0.96995664752264
23.730000000000	-0.014256148903317	0.96978159906206
23.740000000000	-0.0080086231203282	0.96956388646114
23.750000000000	-0.0017067225734771	0.96930896652076
23.760000000000	0.0046393610973482	0.96899927306946
23.770000000000	0.011043286920228	0.96864735253847
23.780000000000	0.017499795780877	0.96824896627335
23.790000000000	0.024009261236914	0.96780265796165
23.800000000000	0.030571967449477	0.96730722505599
23.810000000000	0.037188135614626	0.96676153577789
23.820000000000	0.043857830392061	0.96616445479743
23.830000000000	0.050581013522621	0.96551459122361
23.840000000000	0.057357929897977	0.96481038578875
23.850000000000	0.064188957303162	0.96405051912931
23.860000000000	0.071074306819412	0.96323376882919
23.870000000000	0.078014088493165	0.96235884300465
23.880000000000	0.085008385574307	0.96142438343952
23.890000000000	0.092057269747672	0.96042898874204
23.893750000000	0.094714686995563	0.96003971417064
23.900000000000	0.099160799595596	0.95937122503118
23.910000000000	0.10631901734381	0.95824962961158
23.920000000000	0.11353194629404	0.95706271203987
23.930000000000	0.12079958889752	0.95580895430693
23.940000000000	0.12812192520178	0.95448681073554
23.950000000000	0.13549891148891	0.95309470779863
23.960000000000	0.14293047900362	0.95163104392937
23.970000000000	0.15041653271584	0.95009418934798
23.980000000000	0.15795695008788	0.94848248591398
23.990000000000	0.16555157982941	0.94679424700730
24.000000000000	0.17320024063064	0.94502775743959
24.010000000000	0.18090271986790	0.94318127339719
24.020000000000	0.18865877227822	0.94125302241679
24.027500000000	0.19451080230512	0.93975209222797
24.030000000000	0.19646811860054	0.93924120339513
24.040000000000	0.20433044418235	0.93714398663459
24.050000000000	0.21224539755055	0.93495951392615
24.060000000000	0.22021258894618	0.93268589867187
24.070000000000	0.22823158882263	0.93032122604885
24.080000000000	0.23630192630730	0.92786355321680
24.090000000000	0.24442308762675	0.92531090957161
24.100000000000	0.25259451449596	0.92266129704700
24.110000000000	0.26081560247223	0.91991269046672
24.120000000000	0.26908569927485	0.91706303794973
24.130000000000	0.27740410307240	0.91411026137066
24.140000000000	0.28577006073995	0.91105225687847
24.150000000000	0.29418276609005	0.90788689547638
24.160000000000	0.30264135808247	0.90461202366758
24.166250000000	0.30795087453723	0.90250865155769
24.170000000000	0.31114491902003	0.90122546417362
24.180000000000	0.31969247273922	0.89772501673726
24.190000000000	0.32828298280426	0.89410845903049
24.200000000000	0.33691535070653	0.89037354770214
24.210000000000	0.34558841404968	0.88651801961647
24.220000000000	0.35430094465203	0.88253959333976
24.230000000000	0.36305164641947	0.87843597089141
24.240000000000	0.37183915278080	0.87420483963173
24.250000000000	0.38066202357392	0.86984387390764
24.260000000000	0.38951874168548	0.86535073592850
24.270000000000	0.39840771030239	0.86072307572012
24.280000000000	0.40732725159966	0.85595853094153
24.290000000000	0.41627560663795	0.85105472787803
24.300000000000	0.42525093518618	0.84600928414476
24.305000000000	0.42974811692891	0.84343270106305
24.310000000000	0.43425131441016	0.84081981235556
24.320000000000	0.44327473645429	0.83548392367636
24.330000000000	0.45231910558607	0.82999923079120
24.340000000000	0.46138223545722	0.82436335042061
24.350000000000	0.47046184667503	0.81857390570917
24.360000000000	0.47955556465247	0.81262852870778
24.370000000000	0.48866091764711	0.80652486304867
24.380000000000	0.49777533491775	0.80026056683351
24.390000000000	0.50689614496049	0.79383331572522
24.400000000000	0.51602057381009	0.78724080622815
24.410000000000	0.52514574340638	0.78048075914385
24.420000000000	0.53426867003238	0.77355092319407
24.430000000000	0.54338626283359	0.76644907880604
24.440000000000	0.55249532242917	0.75917304205721
24.443750000000	0.55590834792690	0.75639918032144
24.450000000000	0.56159253962607	0.75172066877777
24.460000000000	0.57067449424733	0.74408985881005
24.470000000000	0.57973765408595	0.73627856042351
24.480000000000	0.58877837399557	0.72828477488435
24.490000000000	0.59779289512967	0.72010656117792
24.500000000000	0.60677734434083	0.71174204088183
24.510000000000	0.61572773375196	0.70318940318685
24.520000000000	0.62463996051154	0.69444691006242
24.530000000000	0.63350980674491	0.68551290156215
24.540000000000	0.64233293971402	0.67638580126469
24.550000000000	0.65110491219787	0.66706412184393
24.560000000000	0.65982116310602	0.65754647076187
24.570000000000	0.66847701833761	0.64783155607674
24.580000000000	0.67706769189796	0.63791819235755
24.582500000000	0.67920460424859	0.63540871547555
24.590000000000	0.68558828728489	0.62780530669599
24.600000000000	0.69403379915641	0.61749194480502
24.610000000000	0.70239911529113	0.60697727719291
24.620000000000	0.71067901885215	0.59626060540074
24.630000000000	0.71886819096439	0.58534136829012
24.640000000000	0.72696121361461	0.57421914836792
24.650000000000	0.73495257288225	0.56289367813391
24.660000000000	0.74283666250800	0.55136484643780
24.670000000000	0.75060778780584	0.53963270483246
24.680000000000	0.75826016992336	0.52769747391215
24.690000000000	0.76578795045432	0.51555954962713
24.700000000000	0.77318519640858	0.50321950957064
24.710000000000	0.78044590554739	0.49067811924029
24.720000000000	0.78756401209988	0.47793633828352
24.721250000000	0.78844344429336	0.47632958124773
24.730000000000	0.79453339289076	0.46499532674386
24.740000000000	0.80134787393356	0.45185645132812
24.750000000000	0.80800123757799	0.43852129170554
24.760000000000	0.81448723034049	0.42499164681760
24.770000000000	0.82079957157465	0.41126954110921
24.780000000000	0.82693196311580	0.39735723048779
24.790000000000	0.83287809990584	0.38325720771884
24.800000000000	0.83863168133152	0.36897220699225
24.810000000000	0.84418642265115	0.35450520775175
24.820000000000	0.84953606568793	0.33985943882620
24.830000000000	0.85467438839287	0.32503838566994
24.840000000000	0.85959521456865	0.31004580664669
24.850000000000	0.86429242958726	0.29488577120487
24.860000000000	0.86876002355982	0.27956275354233
24.870000000000	0.87299226232600	0.26408188859012
24.880000000000	0.87698464721092	0.24844973641961
24.890000000000	0.88074152851650	0.23267413234432
24.900000000000	0.88426585002834	0.21671190810731
24.910000000000	0.88747125406700	0.20061817072014
24.920000000000	0.89042674677407	0.18441433146797
24.930000000000	0.89311937694498	0.16808277048144
24.940000000000	0.89553929758056	0.15162877600916
24.950000000000	0.89768020071648	0.13505902696195
24.960000000000	0.89953679131179	0.11838034509112
24.970000000000	0.90110422583450	0.10159968803012
24.980000000000	0.90237796363502	0.084724181970802
24.990000000000	0.90335372349263	0.067761137321542
25.000000000000	0.90402747293532	0.050718052964539
25.010000000000	0.90439542940201	0.033602614332277
25.020000000000	0.90445406611270	0.016422688001352
25.030000000000	0.90420011986994	-0.00081368586350567
25.040000000000	0.90363059958176	-0.018098302535573
25.050000000000	0.90274279492196	-0.035422802855945
25.060000000000	0.90153428481641	-0.052778684255002
25.070000000000	0.90000294557214	-0.070157312531316
25.080000000000	0.89814695853092	-0.087549934294603
25.090000000000	0.89596481716461	-0.10494769000004
25.100000000000	0.89345533355085	-0.12234162751199
25.110000000000	0.89061764418256	-0.13972271613966
25.120000000000	0.88745121507709	-0.15708186108800
25.130000000000	0.88395584616434	-0.17440991826490
25.140000000000	0.88013167495097	-0.19169770937890
25.150000000000	0.87597917948673	-0.20893603724752
25.160000000000	0.87149918071324	-0.22611570120292
25.170000000000	0.86669284438596	-0.24322751239988
25.180000000000	0.86156168301017	-0.26026230860446
25.190000000000	0.85610755883767	-0.27721096733905
25.200000000000	0.85033269052065	-0.29406441373308
25.210000000000	0.84423966965216	-0.31081360853704
25.220000000000	0.83783149117390	-0.32744944332575
25.230000000000	0.83111131098804	-0.34396213891818
25.240000000000	0.82407831282339	-0.36034240310294
25.250000000000	0.81674004425798	-0.37659059619048
25.260000000000	0.80910483827708	-0.39269014433138
25.270000000000	0.80117330678682	-0.40863295652874
25.280000000000	0.79294997248862	-0.42441184298153
25.290000000000	0.78443992559250	-0.44001920211720
25.300000000000	0.77564851216407	-0.45544748660483
25.310000000000	0.76658132410410	-0.47068932280637
25.320000000000	0.75724419726642	-0.48573755053555
25.330000000000	0.74764320485729	-0.50058524288928
25.340000000000	0.73778464779588	-0.51522571966670
25.350000000000	0.72767504335622	-0.52965255804868
25.360000000000	0.71732111275016	-0.54385960168669
25.370000000000	0.70672976796532	-0.55784096856187
25.380000000000	0.69590809796833	-0.57159105762558
25.390000000000	0.68486335414312	-0.58510455383220
25.400000000000	0.67360293412210	-0.59837642992695
25.410000000000	0.66213435949939	-0.61140193671489
25.420000000000	0.65046520796326	-0.62417650819444
25.430000000000	0.63860498082523	-0.63667085618685
25.440000000000	0.62655771639171	-0.64895912231499
25.450000000000	0.61433408390759	-0.66095802313994
25.460000000000	0.60194167010171	-0.67269179019253
25.470000000000	0.58938842138385	-0.68415738417283
25.480000000000	0.57668239915975	-0.69535219918787
25.490000000000	0.56383169863296	-0.70627395539281
25.500000000000	0.55084442613332	-0.71692068158220
25.510000000000	0.53772868382551	-0.72729070828652
25.520000000000	0.52449255644105	-0.73738266264095
25.530000000000	0.51114409913217	-0.74719546322030
25.540000000000	0.49769132646961	-0.75672831410437
25.550000000000	0.48414220307634	-0.76598069711414
25.560000000000	0.47050463667575	-0.77495235895102
25.570000000000	0.45678647121709	-0.78364328133767
25.580000000000	0.44299543850784	-0.79205359934011
25.590000000000	0.42913881341811	-0.80018358553331
25.600000000000	0.41522344631054	-0.80803475092820
25.610000000000	0.40125781505497	-0.81560879150494
25.620000000000	0.38724953692150	-0.82290614663987
25.630000000000	0.37320544672399	-0.82992810190447
25.640000000000	0.35913243580260	-0.83667639502628
25.650000000000	0.34503734232403	-0.84315296327593
25.660000000000	0.33092687998502	-0.84935992197616
25.670000000000	0.31680761482437	-0.85529956282515
25.680000000000	0.30268595559121	-0.86097434938320
25.690000000000	0.28856814808322	-0.86638691017441
25.700000000000	0.27446027098920	-0.87154003061357
25.710000000000	0.26036823254306	-0.87643664439726
25.720000000000	0.24629776776922	-0.88107982466894
25.722500000000	0.24278417785660	-0.88220139344139
25.730000000000	0.23225443623764	-0.88547277511548
25.740000000000	0.21824362028955	-0.88961882108367
25.750000000000	0.20427052370945	-0.89352140077134
25.760000000000	0.19034017082303	-0.89718405653103
25.770000000000	0.17645740600221	-0.90061042631432
25.780000000000	0.16262689355827	-0.90380423527946
25.790000000000	0.14885311800425	-0.90676928758075
25.800000000000	0.13514038466715	-0.90950945835556
25.810000000000	0.12149282063052	-0.91202868592215
25.820000000000	0.10791437598783	-0.91433096420005
25.830000000000	0.094408825387087	-0.91642033536242
25.840000000000	0.080979769846992	-0.91830088272870
25.850000000000	0.067630638825561	-0.91997672390427
25.860000000000	0.054364692521906	-0.92145200417226
25.865000000000	0.047763886784904	-0.92211573536657
25.870000000000	0.041185024392604	-0.92273089014174
25.880000000000	0.028094563864145	-0.92381756365513
25.890000000000	0.015096079223718	-0.92471621595657
25.900000000000	0.0021921806707680	-0.92543104212197
25.910000000000	-0.010614676487392	-0.92596623575071
25.920000000000	-0.023322188512312	-0.92632598391759
25.930000000000	-0.035928199799127	-0.92651446238349
25.940000000000	-0.048430699344303	-0.92653583106173
25.950000000000	-0.060827817130927	-0.92639422973714
25.960000000000	-0.073117820445239	-0.92609377403369
25.970000000000	-0.085299110137675	-0.92563855162626
25.980000000000	-0.097370216840859	-0.92503261869170
25.990000000000	-0.10932979715663	-0.92427999659366
26.000000000000	-0.12117662982351	-0.92338466879560
26.010000000000	-0.13290961187568	-0.92235057799590
26.020000000000	-0.14452775480437	-0.92118162347884
26.030000000000	-0.15603018073274	-0.91988165867497
26.040000000000	-0.16741611861615	-0.91845448892437
26.050000000000	-0.17868490048196	-0.91690386943564
26.060000000000	-0.18983595772830	-0.91523350343303
26.070000000000	-0.20086881751235	-0.91344704048131
26.080000000000	-0.21178309928502	-0.91154807496991
26.090000000000	-0.22257851159205	-0.90954014470940
26.100000000000	-0.23325484942449	-0.90742672948939
26.110000000000	-0.24381199284498	-0.90521124901370
26.120000000000	-0.25424990877928	-0.90289705754170
26.130000000000	-0.26456865850862	-0.90048742071996
26.140000000000	-0.27476835745269	-0.89798540157959
26.150000000000	-0.28484858394616	-0.89539399979707
26.160000000000	-0.29480966143992	-0.89271748460466
26.170000000000	-0.30465274436153	-0.88995832756134
26.180000000000	-0.31437783144670	-0.88711922792461
26.190000000000	-0.32398521303338	-0.88420317285896
26.200000000000	-0.33347532348599	-0.88121306349631
26.210000000000	-0.34284866284582	-0.87815171992875
26.220000000000	-0.35210578107645	-0.87502189244521
26.230000000000	-0.36124727296379	-0.87182626622443
26.240000000000	-0.37027377506096	-0.86856746344579
26.250000000000	-0.37918596313066	-0.86524804446571
26.260000000000	-0.38798454976003	-0.86187050864874
26.270000000000	-0.39667028207253	-0.85843729507531
26.280000000000	-0.40524393951833	-0.85495078321539
26.290000000000	-0.41370633173918	-0.85141329360560
26.300000000000	-0.42205829650659	-0.84782708854573
26.310000000000	-0.43030069773318	-0.84419437282083
26.318750000000	-0.43742362009857	-0.84097928329017
26.320000000000	-0.43843442355634	-0.84051729445048
26.330000000000	-0.44646038449336	-0.83679794546466
26.340000000000	-0.45437951166670	-0.83303836270427
26.350000000000	-0.46219275509765	-0.82924052864393
26.360000000000	-0.46990108206611	-0.82540637223370
26.370000000000	-0.47750547553315	-0.82153776975616
26.380000000000	-0.48500693262153	-0.81763654569317
26.390000000000	-0.49240646314560	-0.81370447359389
26.400000000000	-0.49970508817354	-0.80974327692641
26.403125000000	-0.50196537770747	-0.80849969613872
26.410000000000	-0.50690383858453	-0.80575462987175
26.420000000000	-0.51400375352504	-0.80174015793923
26.430000000000	-0.52100587848511	-0.79770143797236
26.440000000000	-0.52791126208009	-0.79363999551390
26.450000000000	-0.53472094949993	-0.78955728488775
26.460000000000	-0.54143612242344	-0.78545449383351
26.470000000000	-0.54805820125808	-0.78133412784272
26.480000000000	-0.55458714656579	-0.77719640755319
26.487500000000	-0.55942390593254	-0.77408266987400
26.490000000000	-0.56102481900974	-0.77304288644162
26.500000000000	-0.56737220184425	-0.76887492860378
26.510000000000	-0.57363034648924	-0.76469377544207
26.520000000000	-0.57980031792510	-0.76050062405793
26.530000000000	-0.58588318353767	-0.75629663295348
26.540000000000	-0.59188000991594	-0.75208292349469
26.550000000000	-0.59779186141232	-0.74786058087878
26.560000000000	-0.60361979923558	-0.74363065501575
26.570000000000	-0.60936488075251	-0.73939416138718
26.580000000000	-0.61502815889353	-0.73515208189315
26.590000000000	-0.62061068162227	-0.73090536568859
26.600000000000	-0.62611349145194	-0.72665493000888
26.610000000000	-0.63153762500000	-0.72240166098391
26.620000000000	-0.63688411257617	-0.71814641444056
26.630000000000	-0.64215397780119	-0.71389001669300
26.640000000000	-0.64734823725387	-0.70963326532111
26.650000000000	-0.65246790014512	-0.70537692993728
26.656250000000	-0.65563025373508	-0.70271726255253
26.660000000000	-0.65751396801746	-0.70112175294204
26.670000000000	-0.66248743446868	-0.69686845026978
26.680000000000	-0.66738928489831	-0.69261771212628
26.690000000000	-0.67222049627490	-0.68837020372032
26.700000000000	-0.67698203692104	-0.68412656599323
26.710000000000	-0.68167486631105	-0.67988741635046
26.720000000000	-0.68629993487239	-0.67565334939973
26.730000000000	-0.69085818377634	-0.67142493769723
26.740000000000	-0.69535054469657	-0.66720273249308
26.740625000000	-0.69562915066453	-0.66693906296434
26.750000000000	-0.69977793951339	-0.66298726444282
26.760000000000	-0.70414127996424	-0.65877904420605
26.770000000000	-0.70844146732498	-0.65457856279643
26.780000000000	-0.71267939238453	-0.65038629153853
26.790000000000	-0.71685593617587	-0.64620268163347
26.800000000000	-0.72097197182818	-0.64202816361902
26.810000000000	-0.72502836705995	-0.63786314696256
26.820000000000	-0.72902598522975	-0.63370801917685
26.825000000000	-0.73100302069185	-0.63163427819759
26.830000000000	-0.73296568128869	-0.62956314383250
26.840000000000	-0.73684829033691	-0.62542886162319
26.850000000000	-0.74067461743787	-0.62130550338108
26.860000000000	-0.74444544750862	-0.61719340777381
26.870000000000	-0.74816156841682	-0.61309291781803
26.880000000000	-0.75182377661303	-0.60900436067759
26.890000000000	-0.75543286577306	-0.60492803791233
26.900000000000	-0.75898961774692	-0.60086422874674
26.910000000000	-0.76249480048842	-0.59681319560528
26.920000000000	-0.76594916901364	-0.59277518744164
26.930000000000	-0.76935346667489	-0.58875044122275
26.940000000000	-0.77270842604334	-0.58473918256592
26.950000000000	-0.77601476942767	-0.58074162608376
26.960000000000	-0.77927320916992	-0.57675797565553
26.970000000000	-0.78248444782261	-0.57278842469355
26.980000000000	-0.78564917826728	-0.56883315642020
26.990000000000	-0.78876808380574	-0.56489234415459
26.993750000000	-0.78992599697435	-0.56341830020769
27.000000000000	-0.79184183823973	-0.56096615160450
27.010000000000	-0.79487110594673	-0.55705473315979
27.020000000000	-0.79785654195554	-0.55315823418388
27.030000000000	-0.80079879202327	-0.54927679130158
27.040000000000	-0.80369849271429	-0.54541053268160
27.050000000000	-0.80655627148121	-0.54155957831309
27.060000000000	-0.80937274674772	-0.53772404027542
27.070000000000	-0.81214852799290	-0.53390402300098
27.078125000000	-0.81437430099906	-0.53081175456100
27.080000000000	-0.81488421583639	-0.53009962353054
27.090000000000	-0.81758040212381	-0.52631093176080
27.100000000000	-0.82023767001122	-0.52253803068349
27.110000000000	-0.82285659404728	-0.51878099661472
27.120000000000	-0.82543774025052	-0.51503989941226
27.130000000000	-0.82798166617807	-0.51131480267534
27.140000000000	-0.83048892097990	-0.50760576391582
27.150000000000	-0.83296004543004	-0.50391283467439
27.160000000000	-0.83539557192829	-0.50023606051834
27.162500000000	-0.83599895296506	-0.49931939596502
27.170000000000	-0.83779602449730	-0.49657548075987
27.180000000000	-0.84016191899936	-0.49293112748408
27.190000000000	-0.84249376485422	-0.48930302302729
27.200000000000	-0.84479207412455	-0.48569117659007
27.210000000000	-0.84705738723237	-0.48209560292708
27.220000000000	-0.84929023038580	-0.47851640196234
27.230000000000	-0.85149097683610	-0.47495364322326
27.240000000000	-0.85366004981516	-0.47140725144735
27.250000000000	-0.85579794997236	-0.46787719479065
27.260000000000	-0.85790515651755	-0.46436347669568
27.270000000000	-0.85998212714842	-0.46086610016425
27.280000000000	-0.86202930766675	-0.45738506237860
27.290000000000	-0.86404713557646	-0.45392035540228
27.300000000000	-0.86603604123751	-0.45047196706147
27.310000000000	-0.86799644827922	-0.44703988150481
27.320000000000	-0.86992877379074	-0.44362407955442
27.330000000000	-0.87183342844201	-0.44022453894621
27.331250000000	-0.87206958487279	-0.43980073852288
27.340000000000	-0.87371081658261	-0.43684123451207
27.350000000000	-0.87556133633380	-0.43347413833008
27.360000000000	-0.87738537967881	-0.43012321985582
27.370000000000	-0.87918333255343	-0.42678844604160
27.380000000000	-0.88095557493761	-0.42346978144743
27.390000000000	-0.88270248094926	-0.42016718834555
27.400000000000	-0.88442441894180	-0.41688062681973
27.410000000000	-0.88612175160864	-0.41361005485964
27.415625000000	-0.88706582263260	-0.41177736835460
27.420000000000	-0.88779483610115	-0.41035542844959
27.430000000000	-0.88944402417414	-0.40711670164913
27.440000000000	-0.89106966239185	-0.40389382665623
27.450000000000	-0.89267209247907	-0.40068675382289
27.460000000000	-0.89425165206517	-0.39749543150320
27.470000000000	-0.89580867667027	-0.39431980515162
27.480000000000	-0.89734350639160	-0.39115981171678
27.490000000000	-0.89885650503376	-0.38801532468468
27.500000000000	-0.90034751037990	-0.38488605996706
27.510000000000	-0.90181734421804	-0.38177301880690
27.520000000000	-0.90326644162292	-0.37867513452553
27.530000000000	-0.90469484356493	-0.37559254100566
27.540000000000	-0.90610285693234	-0.37252522224900
27.550000000000	-0.90749077951238	-0.36947312504437
27.560000000000	-0.90885890089550	-0.36643618844421
27.570000000000	-0.91020750470913	-0.36341434869611
27.580000000000	-0.91153686952758	-0.36040754049059
27.590000000000	-0.91284726928410	-0.35741569739221
27.600000000000	-0.91413897349365	-0.35443875203338
27.610000000000	-0.91541224739646	-0.35147663622458
27.620000000000	-0.91666735206521	-0.34852928103029
27.630000000000	-0.91790454449390	-0.34559661682884
27.640000000000	-0.91912407767695	-0.34267857336383
27.650000000000	-0.92032620068267	-0.33977507979050
27.656250000000	-0.92106879557082	-0.33796775322434
27.660000000000	-0.92151115872351	-0.33688606471879
27.670000000000	-0.92267919322451	-0.33401145625403
27.680000000000	-0.92383054189112	-0.33115118203569
27.690000000000	-0.92496543877740	-0.32830516927465
27.700000000000	-0.92608411435632	-0.32547334478918
27.710000000000	-0.92718679559431	-0.32265563503998
27.720000000000	-0.92827370603416	-0.31985196616434
27.730000000000	-0.92934506589387	-0.31706226400967
27.740000000000	-0.93040109219650	-0.31428645416638
27.750000000000	-0.93144199896413	-0.31152446199884
27.760000000000	-0.93246799755315	-0.30877621266894
27.770000000000	-0.93347929733550	-0.30604163112842
27.780000000000	-0.93447610734872	-0.30332064196808
27.790000000000	-0.93545864123068	-0.30061316848760
27.800000000000	-0.93642713698992	-0.29791912581807
27.810000000000	-0.93738197973499	-0.29523832137513
27.812500000000	-0.93761866006695	-0.29457005529955
27.820000000000	-0.93832161175644	-0.29256929393370
27.830000000000	-0.93924867371359	-0.28991659810870
27.840000000000	-0.94016273255749	-0.28727573890315
27.850000000000	-0.94106351592278	-0.28464782425009
27.860000000000	-0.94195127725587	-0.28203286967169
27.870000000000	-0.94282621532497	-0.27943081654198
27.880000000000	-0.94368851285995	-0.27684159445132
27.890000000000	-0.94453834548748	-0.27426512991397
27.900000000000	-0.94537588441655	-0.27170134842165
27.910000000000	-0.94620129744686	-0.26915017509884
27.920000000000	-0.94701474942021	-0.26661153496088
27.930000000000	-0.94781640245568	-0.26408535303423
27.940000000000	-0.94860641609040	-0.26157155442136
27.950000000000	-0.94938494737512	-0.25907006434094
27.960000000000	-0.95015215094670	-0.25658080815575
27.968750000000	-0.95081428157853	-0.25441268606199
27.970000000000	-0.95090817908804	-0.25410371139431
27.980000000000	-0.95165318178133	-0.25163869976877
27.990000000000	-0.95238730675800	-0.24918569919090
28.000000000000	-0.95311069954818	-0.24674463578669
28.010000000000	-0.95382350353225	-0.24431543591020
28.020000000000	-0.95452585999851	-0.24189802615637
28.030000000000	-0.95521790821343	-0.23949233337152
28.040000000000	-0.95589978551693	-0.23709828465698
28.050000000000	-0.95657162746751	-0.23471580735179
28.060000000000	-0.95723356808826	-0.23234482894918
28.070000000000	-0.95788574031372	-0.22998527679732
28.080000000000	-0.95852827676361	-0.22763707705667
28.090000000000	-0.95916131033929	-0.22530015107570
28.100000000000	-0.95978496787123	-0.22297440512327
28.110000000000	-0.96039932860338	-0.22065973465215
28.120000000000	-0.96100443738722	-0.21835614100792
28.125000000000	-0.96130358588746	-0.21720851142934
28.130000000000	-0.96160050315167	-0.21606363993277
28.140000000000	-0.96218770420366	-0.21378209906580
28.150000000000	-0.96276613785045	-0.21151141342287
28.160000000000	-0.96333590320613	-0.20925150977362
28.170000000000	-0.96389710667409	-0.20700232082580
28.180000000000	-0.96444985685541	-0.20476377959677
28.190000000000	-0.96499426221036	-0.20253581885436
28.200000000000	-0.96553043019894	-0.20031837126688
28.210000000000	-0.96605846696637	-0.19811136956821
28.220000000000	-0.96657847722881	-0.19591474666721
28.230000000000	-0.96709056423688	-0.19372843571516
28.240000000000	-0.96759482977158	-0.19155237014723
28.250000000000	-0.96809137415420	-0.18938648370894
28.260000000000	-0.96858029626268	-0.18723071047348
28.270000000000	-0.96906169355094	-0.18508498485353
28.280000000000	-0.96953566206951	-0.18294924160973
28.281250000000	-0.96959439052879	-0.18268297235459
28.290000000000	-0.97000229648665	-0.18082341585680
28.300000000000	-0.97046169010967	-0.17870744306827
28.310000000000	-0.97091393490611	-0.17660125908001
28.320000000000	-0.97135912152465	-0.17450480009321
28.330000000000	-0.97179733931590	-0.17241800267663
28.340000000000	-0.97222867635274	-0.17034080376849
28.350000000000	-0.97265321945044	-0.16827314067802
28.360000000000	-0.97307105418640	-0.16621495108670
28.370000000000	-0.97348226491964	-0.16416617304924
28.380000000000	-0.97388693480989	-0.16212674499441
28.390000000000	-0.97428514583641	-0.16009660572559
28.400000000000	-0.97467697881647	-0.15807569442123
28.410000000000	-0.97506251342354	-0.15606395063512
28.420000000000	-0.97544182820518	-0.15406131429646
28.430000000000	-0.97581500060060	-0.15206772570986
28.437500000000	-0.97609089492495	-0.15057843615831
28.440000000000	-0.97618210695797	-0.15008312555515
28.450000000000	-0.97654322255143	-0.14810745488707
28.460000000000	-0.97689842159779	-0.14614065513477
28.470000000000	-0.97724777727301	-0.14418266810121
28.480000000000	-0.97759136172841	-0.14223343596240
28.490000000000	-0.97792924610656	-0.14029290126641
28.500000000000	-0.97826150055706	-0.13836100693226
28.510000000000	-0.97858819425193	-0.13643769624848
28.520000000000	-0.97890939540097	-0.13452291287156
28.530000000000	-0.97922517126675	-0.13261660082389
28.540000000000	-0.97953558817964	-0.13071870449144
28.550000000000	-0.97984071155259	-0.12882916862084
28.560000000000	-0.98014060589596	-0.12694793831575
28.570000000000	-0.98043533483246	-0.12507495903235
28.580000000000	-0.98072496111229	-0.12321017657344
28.590000000000	-0.98100954662890	-0.12135353708071
28.593750000000	-0.98111497911336	-0.12065938569369
28.600000000000	-0.98128915243574	-0.11950498702430
28.610000000000	-0.98156383876494	-0.11766447318826
28.620000000000	-0.98183366504923	-0.11583194264989
28.630000000000	-0.98209868994994	-0.11400734274930
28.640000000000	-0.98235897139610	-0.11219062104328
28.650000000000	-0.98261456664523	-0.11038172523305
28.660000000000	-0.98286553238769	-0.10858060304724
28.670000000000	-0.98311192494492	-0.10678720204604
28.680000000000	-0.98335380068401	-0.10500146928453
28.690000000000	-0.98359121697445	-0.10322335073319
28.700000000000	-0.98382423464325	-0.10145279037262
28.710000000000	-0.98405292500506	-0.099689729641542
28.720000000000	-0.98427739137511	-0.097934115152357
28.730000000000	-0.98449781393281	-0.096185979052802
28.740000000000	-0.98471417002046	-0.094445730060399
28.750000000000	-0.98492561444677	-0.092713049787674
28.760000000000	-0.98513277907140	-0.090987083216663
28.770000000000	-0.98533608733937	-0.089268189109059
28.780000000000	-0.98553548901939	-0.087556482995116
28.790000000000	-0.98573097140813	-0.085851937056060
28.800000000000	-0.98592255652294	-0.084154502461084
28.810000000000	-0.98611027961424	-0.082464129249331
28.820000000000	-0.98629418084830	-0.080780768745577
28.830000000000	-0.98647430220618	-0.079104373510886
28.840000000000	-0.98665068623248	-0.077434897053517
28.850000000000	-0.98682337548625	-0.075772293602783
28.860000000000	-0.98699241228302	-0.074116517956659
28.870000000000	-0.98715783856827	-0.072467525378739
28.880000000000	-0.98731969585569	-0.070825271523685
28.890000000000	-0.98747802520151	-0.069189712376318
28.900000000000	-0.98763286720369	-0.067560804193038
28.906250000000	-0.98772789040115	-0.066546094669259
28.910000000000	-0.98778426202590	-0.065938503435142
28.920000000000	-0.98793224945779	-0.064322766682264
28.930000000000	-0.98807686904305	-0.062713550511838
28.940000000000	-0.98821816035006	-0.061110811332530
28.950000000000	-0.98835616356025	-0.059514505191338
28.960000000000	-0.98849092077570	-0.057924587746208
28.970000000000	-0.98862247883355	-0.056341015360425
28.980000000000	-0.98875089399109	-0.054763751138893
28.990000000000	-0.98887622976552	-0.053192785502574
29.000000000000	-0.98899850625554	-0.051628157301844
29.010000000000	-0.98911763394134	-0.050069850972331
29.020000000000	-0.98923358728352	-0.048517698156768
29.030000000000	-0.98934648274196	-0.046971587464435
29.040000000000	-0.98945641235167	-0.045431502159754
29.050000000000	-0.98956342151413	-0.043897431856169
29.060000000000	-0.98966754081820	-0.042369353024476
29.062500000000	-0.98969312243512	-0.041988265894100
29.070000000000	-0.98976879874651	-0.040847234190670
29.080000000000	-0.98986722425633	-0.039331040424189
29.090000000000	-0.98996284689207	-0.037820735451464
29.100000000000	-0.99005569651538	-0.036316282561435
29.110000000000	-0.99014580306728	-0.034817644994712
29.120000000000	-0.99023319640785	-0.033324786115273
29.130000000000	-0.99031790621553	-0.031837669488133
29.140000000000	-0.99039996192506	-0.030356258914897
29.150000000000	-0.99047939268961	-0.028880518449730
29.160000000000	-0.99055622735786	-0.027410412405967
29.170000000000	-0.99063049446054	-0.025945905358104
29.180000000000	-0.99070222220287	-0.024486962141496
29.190000000000	-0.99077143846091	-0.023033547850887
29.200000000000	-0.99083817078038	-0.021585627838347
29.210000000000	-0.99090244637721	-0.020143167710911
29.218750000000	-0.99095669338949	-0.018885467066283
29.220000000000	-0.99096429213913	-0.018706133328078
29.230000000000	-0.99102373462802	-0.017274490799246
29.240000000000	-0.99108080008271	-0.015848206481117
29.250000000000	-0.99113551442211	-0.014427246975109
29.260000000000	-0.99118790324845	-0.013011579124790
29.270000000000	-0.99123799185066	-0.011601170013336
29.280000000000	-0.99128580520768	-0.010195986961039
29.290000000000	-0.99133136799182	-0.0087959975228749
29.300000000000	-0.99137470457195	-0.0074011694861559
29.310000000000	-0.99141583901667	-0.0060114708682771
29.320000000000	-0.99145479509737	-0.0046268699145872
29.330000000000	-0.99149159629113	-0.0032473350964086
29.340000000000	-0.99152626578357	-0.0018728351092215
29.350000000000	-0.99155882647162	-0.00050333887103735
29.360000000000	-0.99158930096622	0.00086118447902122
29.370000000000	-0.99161771159500	0.0022207655819240
29.375000000000	-0.99163114986030	0.0028987123061108
29.380000000000	-0.99164408040502	0.0035754348597201
29.390000000000	-0.99166842916549	0.0049252225163115
29.400000000000	-0.99169077937064	0.0062701585380262
29.410000000000	-0.99171115224276	0.0076102726940239
29.420000000000	-0.99172956873534	0.0089455945365665
29.430000000000	-0.99174604953646	0.010276153401197
29.440000000000	-0.99176061507240	0.011601978406881
29.450000000000	-0.99177328551143	0.012923098456161
29.460000000000	-0.99178408076785	0.014239542235389
29.470000000000	-0.99179302050622	0.015551338215072
29.480000000000	-0.99180012414575	0.016858514650387
29.490000000000	-0.99180541086473	0.018161099581907
29.500000000000	-0.99180889960519	0.019459120836544
29.510000000000	-0.99181060907737	0.020752606028728
29.520000000000	-0.99181055776436	0.022041582561830
29.530000000000	-0.99180876392647	0.023326077629803
29.531250000000	-0.99180841807637	0.023486325756579
29.540000000000	-0.99180524560560	0.024606118219020
29.550000000000	-0.99180002062944	0.025881731110272
29.560000000000	-0.99179310661538	0.027152942880905
29.570000000000	-0.99178452097436	0.028419779907034
29.580000000000	-0.99177428091445	0.029682268365802
29.590000000000	-0.99176240344426	0.030940434237656
29.600000000000	-0.99174890537617	0.032194303308586
29.610000000000	-0.99173380332940	0.033443901172313
29.620000000000	-0.99171711373298	0.034689253232393
29.630000000000	-0.99169885282864	0.035930384704231
29.640000000000	-0.99167903667356	0.037167320616988
29.650000000000	-0.99165768114327	0.038400085815382
29.660000000000	-0.99163480193440	0.039628704961388
29.670000000000	-0.99161041456762	0.040853202535862
29.680000000000	-0.99158453439063	0.042073602840088
29.687500000000	-0.99156415373792	0.042986228752944
29.690000000000	-0.99155717658131	0.043289929997306
29.700000000000	-0.99152835615113	0.044502207954245
29.710000000000	-0.99149808794869	0.045710460482738
29.720000000000	-0.99146638666362	0.046914711181470
29.730000000000	-0.99143326683080	0.048114983477980
29.740000000000	-0.99139874283487	0.049311300631023
29.750000000000	-0.99136282891514	0.050503685733454
29.760000000000	-0.99132553917081	0.051692161715828
29.770000000000	-0.99128688756645	0.052876751350950
29.780000000000	-0.99124688793764	0.054057477259646
29.790000000000	-0.99120555399647	0.055234361918082
29.800000000000	-0.99116289933655	0.056407427666938
29.810000000000	-0.99111893743701	0.057576696722784
29.820000000000	-0.99107368166461	0.058742191191841
29.830000000000	-0.99102714527294	0.059903933086180
29.840000000000	-0.99097934139741	0.061061944342040
29.843750000000	-0.99096109082998	0.061495241224861
29.850000000000	-0.99093028304438	0.062216246839383
29.860000000000	-0.99087998307296	0.063366862421047
29.870000000000	-0.99082845416820	0.064513812908879
29.880000000000	-0.99077570880524	0.065657120113171
29.890000000000	-0.99072175920554	0.066796805830872
29.900000000000	-0.99066661728856	0.067932891827829
29.910000000000	-0.99061029462504	0.069065399801294
29.920000000000	-0.99055280240041	0.070194351321414
29.930000000000	-0.99049415139821	0.071319767754740
29.940000000000	-0.99043435201261	0.072441670177938
29.950000000000	-0.99037341429462	0.073560079294549
29.960000000000	-0.99031134803017	0.074675015370015
29.970000000000	-0.99024816284072	0.075786498198347
29.980000000000	-0.99018386829061	0.076894547108069
29.990000000000	-0.99011847398404	0.077999181006614
30.000000000000	-0.99005198963659	0.079100418454153
