#Parameters = {L=6; d=0.018; h=0.508; h_air=12; w=2.75}
#"Frequency / GHz"	"SZmax(2),Zmax(2) [Real/Imaginary Part] [Re]"	"SZmax(2),Zmax(2) [Real/Imaginary Part] [Im]"
#-------------------------------------------------------------------------------------------------------------
20.000000000000	-0.73121960621619	0.67702102521674
20.010000000000	-0.73059309122050	0.67767900898514
20.020000000000	-0.72996421489137	0.67833821075206
20.030000000000	-0.72933296096205	0.67899864181117
20.040000000000	-0.72869931640712	0.67966031857273
20.050000000000	-0.72806327904181	0.68032326207279
20.060000000000	-0.72742486776457	0.68098748513787
20.070000000000	-0.72678411061308	0.68165296200446
20.080000000000	-0.72614099011819	0.68231963095892
20.090000000000	-0.72549543286582	0.68298746552101
20.100000000000	-0.72484737804044	0.68365649523021
20.110000000000	-0.72419680290149	0.68432675801372
20.120000000000	-0.72354370100201	0.68499827671410
20.130000000000	-0.72288806652341	0.68567106257006
20.140000000000	-0.72222989054294	0.68634512164522
20.150000000000	-0.72156916140953	0.68702045823002
20.156250000000	-0.72115490324991	0.68744319404911
20.160000000000	-0.72090586566233	0.68769707618933
20.170000000000	-0.72023998870817	0.68837497941885
20.180000000000	-0.71957151523436	0.68905417196917
20.190000000000	-0.71890042944723	0.68973465805741
20.200000000000	-0.71822671520884	0.69041644204621
20.210000000000	-0.71755035611587	0.69109952841730
20.220000000000	-0.71687133554578	0.69178392174803
20.230000000000	-0.71618963668407	0.69246962669264
20.240000000000	-0.71550524254055	0.69315664796778
20.250000000000	-0.71481813595905	0.69384499034168
20.260000000000	-0.71412829962306	0.69453465862588
20.270000000000	-0.71343571605894	0.69522565766915
20.280000000000	-0.71274036763757	0.69591799235274
20.290000000000	-0.71204223657489	0.69661166758688
20.300000000000	-0.71134130493195	0.69730668830806
20.310000000000	-0.71063755461439	0.69800305947692
20.312500000000	-0.71046117448181	0.69817736386007
20.320000000000	-0.70993096737176	0.69870078607661
20.330000000000	-0.70922152479659	0.69939987311156
20.340000000000	-0.70850920832342	0.70010032560641
20.350000000000	-0.70779399922778	0.70080214860525
20.360000000000	-0.70707587862513	0.70150534717089
20.370000000000	-0.70635482746992	0.70220992638431
20.380000000000	-0.70563082655466	0.70291589134402
20.390000000000	-0.70490385650901	0.70362324716554
20.400000000000	-0.70417389779914	0.70433199898065
20.410000000000	-0.70344093072699	0.70504215193654
20.420000000000	-0.70270493542973	0.70575371119473
20.430000000000	-0.70196589187909	0.70646668192956
20.440000000000	-0.70122377988066	0.70718106932628
20.450000000000	-0.70047857907269	0.70789687857854
20.460000000000	-0.69973026892423	0.70861411488537
20.468750000000	-0.69907293064215	0.70924287137309
20.470000000000	-0.69897882873186	0.70933278344756
20.480000000000	-0.69822423761432	0.71005288946402
20.490000000000	-0.69746647450385	0.71077443812876
20.500000000000	-0.69670551813270	0.71149743463015
20.510000000000	-0.69594134701267	0.71222188415540
20.520000000000	-0.69517393940483	0.71294779190494
20.530000000000	-0.69440327327386	0.71367516312511
20.540000000000	-0.69362932621559	0.71440400317326
20.550000000000	-0.69285207532592	0.71513431764268
20.560000000000	-0.69207149691549	0.71586611260484
20.570000000000	-0.69128756573662	0.71659939509828
20.580000000000	-0.69050025234659	0.71733417407047
20.590000000000	-0.68970951145286	0.71807046018566
20.600000000000	-0.68891522886319	0.71880821281261
20.610000000000	-0.68811764265826	0.71954709284302
20.620000000000	-0.68731687337441	0.72028786082630
20.625000000000	-0.68691509521229	0.72065884627735
20.630000000000	-0.68651242173300	0.72103020135926
20.640000000000	-0.68570441374193	0.72177403184580
20.650000000000	-0.68489285605777	0.72251937326858
20.660000000000	-0.68407773069721	0.72326623880395
20.670000000000	-0.68325901478368	0.72401463741494
20.680000000000	-0.68243668400711	0.72476457630332
20.690000000000	-0.68161071343513	0.72551606185885
20.700000000000	-0.68078107774681	0.72626910005434
20.710000000000	-0.67994775130966	0.72702369662913
20.720000000000	-0.67911070820738	0.72777985718315
20.730000000000	-0.67826992225048	0.72853758722933
20.740000000000	-0.67742536698061	0.72929689222470
20.750000000000	-0.67657701567231	0.73005777758967
20.760000000000	-0.67572484133355	0.73082024872027
20.770000000000	-0.67486881670560	0.73158431099613
20.780000000000	-0.67400891426246	0.73234996978555
20.781250000000	-0.67390115241683	0.73244578965612
20.790000000000	-0.67314510620985	0.73311723044872
20.800000000000	-0.67227736448390	0.73388609833974
20.810000000000	-0.67140566074948	0.73465657880771
20.820000000000	-0.67052996639829	0.73542867719722
20.830000000000	-0.66965025254671	0.73620239884852
20.840000000000	-0.66876649003341	0.73697774909728
20.850000000000	-0.66787864941683	0.73775473327424
20.860000000000	-0.66698670097242	0.73853335670467
20.870000000000	-0.66609061468981	0.73931362470774
20.880000000000	-0.66519036026984	0.74009554259585
20.890000000000	-0.66428590712149	0.74087911567387
20.900000000000	-0.66337722435867	0.74166434923832
20.910000000000	-0.66246428079696	0.74245124857664
20.920000000000	-0.66154704495028	0.74323981896626
20.930000000000	-0.66062548502749	0.74403006567383
20.937500000000	-0.65993145811214	0.74462385394983
20.940000000000	-0.65969956892884	0.74482199395434
20.950000000000	-0.65876926424248	0.74561560905021
20.960000000000	-0.65783453824079	0.74641091619049
20.970000000000	-0.65689535787674	0.74720792058993
20.980000000000	-0.65595168978013	0.74800662744819
20.990000000000	-0.65500350025376	0.74880704194891
21.000000000000	-0.65405075526962	0.74960916925893
21.010000000000	-0.65309342046492	0.75041301452749
21.020000000000	-0.65213146113809	0.75121858288550
21.030000000000	-0.65116484224476	0.75202587944482
21.040000000000	-0.65019352839361	0.75283490929775
21.050000000000	-0.64921748384213	0.75364567751655
21.060000000000	-0.64823667249242	0.75445818915329
21.070000000000	-0.64725105788671	0.75527244923986
21.080000000000	-0.64626060320294	0.75608846278852
21.090000000000	-0.64526527125013	0.75690623479299
21.093750000000	-0.64489075669192	0.75721335366289
21.100000000000	-0.64426502446360	0.75772577023053
21.110000000000	-0.64325982489998	0.75854707406529
21.120000000000	-0.64224963423193	0.75937015125386
21.130000000000	-0.64123441374242	0.76019500675407
21.140000000000	-0.64021412431838	0.76102164553920
21.150000000000	-0.63918872644321	0.76185007262115
21.160000000000	-0.63815818018742	0.76268029308937
21.170000000000	-0.63712244519582	0.76351231217880
21.180000000000	-0.63608148066784	0.76434613539408
21.190000000000	-0.63503524532300	0.76518176875215
21.200000000000	-0.63398369733122	0.76601921929690
21.210000000000	-0.63292679414730	0.76685849632039
21.220000000000	-0.63186449203166	0.76769961475195
21.230000000000	-0.63079674421454	0.76854260707598
21.240000000000	-0.62972348941594	0.76938758682317
21.250000000000	-0.62864434333341	0.77023578381840
21.260000000000	-0.62756053605603	0.77108042582013
21.270000000000	-0.62647061788132	0.77193152939684
21.280000000000	-0.62537502086406	0.77278380246133
21.290000000000	-0.62427372201866	0.77363780794074
21.300000000000	-0.62316667366018	0.77449362521764
21.310000000000	-0.62205382836885	0.77535127994381
21.320000000000	-0.62093513869470	0.77621078456123
21.330000000000	-0.61981055690246	0.77707214692171
21.340000000000	-0.61868003485841	0.77793537290546
21.350000000000	-0.61754352397623	0.77880046740493
21.360000000000	-0.61640097518746	0.77966743475132
21.370000000000	-0.61525233892294	0.78053627891955
21.380000000000	-0.61409756509952	0.78140700363439
21.390000000000	-0.61293660310952	0.78227961242869
21.400000000000	-0.61176940181151	0.78315410867649
21.406250000000	-0.61103670965963	0.78370162874647
21.410000000000	-0.61059590952195	0.78403049561225
21.420000000000	-0.60941607400719	0.78490877634211
21.430000000000	-0.60822984247567	0.78578895385017
21.440000000000	-0.60703716157019	0.78667103100176
21.450000000000	-0.60583797736029	0.78755501054466
21.460000000000	-0.60463223533445	0.78844089510903
21.470000000000	-0.60341988039228	0.78932868720634
21.480000000000	-0.60220085683663	0.79021838922764
21.490000000000	-0.60097510836553	0.79111000344139
21.500000000000	-0.59974257806396	0.79200353199082
21.510000000000	-0.59850320839552	0.79289897689115
21.520000000000	-0.59725694119382	0.79379634002644
21.530000000000	-0.59600371765371	0.79469562314640
21.540000000000	-0.59474347832225	0.79559682786302
21.550000000000	-0.59347616308935	0.79649995564720
21.560000000000	-0.59220171117809	0.79740500782532
21.562500000000	-0.59188197590769	0.79763157169781
21.570000000000	-0.59092006113471	0.79831198557596
21.580000000000	-0.58963115081809	0.79922088992680
21.590000000000	-0.58833491738878	0.80013172175184
21.600000000000	-0.58703129729743	0.80104448176926
21.610000000000	-0.58572022627262	0.80195917054010
21.620000000000	-0.58440163930815	0.80287578846836
21.630000000000	-0.58307547064977	0.80379433580311
21.640000000000	-0.58174165378179	0.80471481264345
21.650000000000	-0.58040012141428	0.80563721894783
21.660000000000	-0.57905080547235	0.80656155454914
21.670000000000	-0.57769363709053	0.80748781917768
21.680000000000	-0.57632854661731	0.80841601249374
21.690000000000	-0.57495546363877	0.80934613413010
21.700000000000	-0.57357431703509	0.81027818374012
21.710000000000	-0.57218503508828	0.81121216103645
21.718750000000	-0.57096268315563	0.81203097229206
21.720000000000	-0.57078754565860	0.81214806578482
21.730000000000	-0.56938177642729	0.81308589768667
21.740000000000	-0.56796765514364	0.81402565605935
21.750000000000	-0.56654510970650	0.81496733925328
21.760000000000	-0.56511406781241	0.81591094390898
21.770000000000	-0.56367445599552	0.81685646445019
21.780000000000	-0.56222619832087	0.81780389336625
21.790000000000	-0.56076921550756	0.81875322244944
21.800000000000	-0.55930342516341	0.81970444435077
21.810000000000	-0.55782874297062	0.82065755348520
21.820000000000	-0.55634508397896	0.82161254590547
21.830000000000	-0.55485236333347	0.82256941854354
21.840000000000	-0.55335049636439	0.82352816841461
21.850000000000	-0.55183939832189	0.82448879209735
21.860000000000	-0.55031898403310	0.82545128550578
21.870000000000	-0.54878916762084	0.82641564384718
21.875000000000	-0.54802070654110	0.82689852068650
21.880000000000	-0.54724986231493	0.82738186166410
21.890000000000	-0.54570098033947	0.82834993289846
21.900000000000	-0.54414243285024	0.82931985094988
21.910000000000	-0.54257412990079	0.83029160871919
21.920000000000	-0.54099598042327	0.83126519863686
21.930000000000	-0.53940789221570	0.83224061267894
21.940000000000	-0.53780977193113	0.83321784237330
21.950000000000	-0.53620152506618	0.83419687879884
21.960000000000	-0.53458305594741	0.83517771257901
21.970000000000	-0.53295426771454	0.83616033387093
21.980000000000	-0.53131506229904	0.83714473235036
21.990000000000	-0.52966534039605	0.83813089719246
22.000000000000	-0.52800500142591	0.83911881704762
22.010000000000	-0.52633394347847	0.84010848001150
22.020000000000	-0.52465206322710	0.84109987358809
22.030000000000	-0.52295925578625	0.84209298464682
22.031250000000	-0.52274688124641	0.84221724360959
22.040000000000	-0.52125541445849	0.84308779938310
22.050000000000	-0.51954043025316	0.84408430332497
22.060000000000	-0.51781419091439	0.84508248155463
22.070000000000	-0.51607657889518	0.84608231981033
22.080000000000	-0.51432746747098	0.84708380915387
22.090000000000	-0.51256671824333	0.84808696431268
22.100000000000	-0.51079422394713	0.84909187061387
22.110000000000	-0.50901008989911	0.85009858463811
22.120000000000	-0.50721432863190	0.85110675128524
22.130000000000	-0.50540650297133	0.85211625022075
22.140000000000	-0.50358641638186	0.85312723585407
22.150000000000	-0.50175399642370	0.85413975134086
22.160000000000	-0.49990915223829	0.85515378383220
22.170000000000	-0.49805177448377	0.85616930948732
22.180000000000	-0.49618174465841	0.85718630311276
22.187500000000	-0.49477084531222	0.85794999653919
22.190000000000	-0.49429893945220	0.85820473952693
22.200000000000	-0.49240323252419	0.85922459348382
22.210000000000	-0.49049449524437	0.86024583943684
22.220000000000	-0.48857259701596	0.86126845134715
22.230000000000	-0.48663740541825	0.86229240254790
22.240000000000	-0.48468878626759	0.86331766564815
22.250000000000	-0.48272660363878	0.86434421246214
22.260000000000	-0.48075071986629	0.86537201395429
22.270000000000	-0.47876099553445	0.86640104019367
22.280000000000	-0.47675728946153	0.86743126031438
22.290000000000	-0.47473945868005	0.86846264247921
22.300000000000	-0.47270735841480	0.86949515384528
22.310000000000	-0.47066084205935	0.87052876053031
22.320000000000	-0.46859976115160	0.87156342757899
22.330000000000	-0.46652396534870	0.87259911892870
22.340000000000	-0.46443330240176	0.87363579737404
22.343750000000	-0.46364543945480	0.87402479848057
22.350000000000	-0.46232761813067	0.87467342452956
22.360000000000	-0.46020675639971	0.87571196079012
22.370000000000	-0.45807055909476	0.87675136528797
22.380000000000	-0.45591886610377	0.87779159584575
22.390000000000	-0.45375151530292	0.87883260892429
22.400000000000	-0.45156834255305	0.87987435956441
22.410000000000	-0.44936918171380	0.88091680132308
22.420000000000	-0.44715386468807	0.88195988620725
22.430000000000	-0.44492222151655	0.88300356461782
22.440000000000	-0.44267408054966	0.88404778533664
22.450000000000	-0.44040926872171	0.88509249563445
22.460000000000	-0.43812761190370	0.88613764165847
22.470000000000	-0.43582893512985	0.88718316934768
22.480000000000	-0.43351306206170	0.88822902602539
22.490000000000	-0.43117981256859	0.88927516199074
22.500000000000	-0.42882899813269	0.89032152961156
22.510000000000	-0.42646041863588	0.89136807726238
22.520000000000	-0.42407386653128	0.89241474156981
22.530000000000	-0.42166913651151	0.89346144702618
22.540000000000	-0.41924603033822	0.89450811362904
22.550000000000	-0.41680435373291	0.89555466342775
22.560000000000	-0.41434391136975	0.89660102156027
22.570000000000	-0.41186450417355	0.89764711438865
22.580000000000	-0.40936592875669	0.89869286759651
22.590000000000	-0.40684797772019	0.89973820506996
22.600000000000	-0.40431044007791	0.90078304838766
22.610000000000	-0.40175310157269	0.90182731662447
22.620000000000	-0.39917574486589	0.90287092628348
22.630000000000	-0.39657814963473	0.90391379126827
22.640000000000	-0.39396009261166	0.90495582286018
22.650000000000	-0.39132134758949	0.90599692968852
22.656250000000	-0.38966152462523	0.90664711016796
22.660000000000	-0.38866168540679	0.90703701769087
22.670000000000	-0.38598087392198	0.90807599006410
22.680000000000	-0.38327867798071	0.90911374720697
22.690000000000	-0.38055485937928	0.91015018665528
22.700000000000	-0.37780917682496	0.91118520300999
22.710000000000	-0.37504138589338	0.91221868785747
22.720000000000	-0.37225123898135	0.91325052968013
22.730000000000	-0.36943848525051	0.91428061375270
22.734375000000	-0.36820073189620	0.91473069276447
22.740000000000	-0.36660287054925	0.91530882201492
22.750000000000	-0.36374413727664	0.91633503290295
22.760000000000	-0.36086202407569	0.91735912111561
22.770000000000	-0.35795626497304	0.91838095736863
22.780000000000	-0.35502658672116	0.91940040911320
22.790000000000	-0.35207270405953	0.92041735019924
22.800000000000	-0.34909435388453	0.92143168634241
22.810000000000	-0.34609133267824	0.92244324534752
22.812500000000	-0.34533668513596	0.92269567378242
22.820000000000	-0.34306331458700	0.92345181960507
22.830000000000	-0.34000998466087	0.92445728320058
22.840000000000	-0.33693105783941	0.92545949429430
22.850000000000	-0.33382624556881	0.92645829641734
22.860000000000	-0.33069525358176	0.92745352627072
22.870000000000	-0.32753778282600	0.92844501551456
22.880000000000	-0.32435352995948	0.92943259105685
22.890000000000	-0.32114218754638	0.93041607501656
22.890625000000	-0.32094057209962	0.93047740276494
22.900000000000	-0.31790344412335	0.93139528461021
22.910000000000	-0.31463698421020	0.93237003201821
22.920000000000	-0.31134248829563	0.93334012424443
22.930000000000	-0.30801963281123	0.93430536297196
22.940000000000	-0.30466809009956	0.93526554441573
22.950000000000	-0.30128752837958	0.93622045917174
22.960000000000	-0.29787761171050	0.93716989206274
22.968750000000	-0.29486958710427	0.93799597532789
22.970000000000	-0.29443799995528	0.93811362197994
22.980000000000	-0.29096834874397	0.93905142172086
22.990000000000	-0.28746830943732	0.93998305782282
23.000000000000	-0.28393752909088	0.94090829039227
23.010000000000	-0.28037565041945	0.94182687292975
23.020000000000	-0.27678231176221	0.94273855215058
23.030000000000	-0.27315714704814	0.94364306780177
23.040000000000	-0.26949978576149	0.94454015247556
23.046875000000	-0.26696647866458	0.94515244517015
23.050000000000	-0.26580985290631	0.94542953142167
23.060000000000	-0.26208696896788	0.94631092236200
23.070000000000	-0.25833074986531	0.94718403531808
23.080000000000	-0.25454080687899	0.94804857248036
23.090000000000	-0.25071674649800	0.94890422821647
23.100000000000	-0.24685816994753	0.94975068963923
23.110000000000	-0.24296467077437	0.95058764053909
23.120000000000	-0.23903579553245	0.95141482591064
23.125000000000	-0.23705838659535	0.95182372655605
23.130000000000	-0.23507139002962	0.95223145560340
23.140000000000	-0.23107065664108	0.95303786009972
23.150000000000	-0.22703337693196	0.95383330724370
23.160000000000	-0.22295910353751	0.95461746921132
23.170000000000	-0.21884740321358	0.95538997083122
23.180000000000	-0.21469784008002	0.95615042254474
23.190000000000	-0.21050997406670	0.95689842308789
23.200000000000	-0.20628336059036	0.95763355981618
23.203125000000	-0.20495452673995	0.95786058522416
23.210000000000	-0.20201755046685	0.95835540858557
23.220000000000	-0.19771208989359	0.95906353350522
23.230000000000	-0.19336652046638	0.95975748663588
23.240000000000	-0.18898037923318	0.96043680764875
23.250000000000	-0.18455319883274	0.96110102342476
23.260000000000	-0.18008450795840	0.96174964748995
23.270000000000	-0.17557383392181	0.96238217879755
23.280000000000	-0.17102074402047	0.96299811241444
23.281250000000	-0.17044861659622	0.96307393316925
23.290000000000	-0.16642453046315	0.96359697428319
23.300000000000	-0.16178498267455	0.96417808034574
23.310000000000	-0.15710148978419	0.96474097859696
23.320000000000	-0.15237355546405	0.96528508071126
23.330000000000	-0.14760067774323	0.96580979687818
23.340000000000	-0.14278234981940	0.96631452280019
23.350000000000	-0.13791806060742	0.96679863796392
23.359375000000	-0.13331558923278	0.96723321051957
23.360000000000	-0.13300729496425	0.96726150489181
23.370000000000	-0.12804953384322	0.96770246855688
23.380000000000	-0.12304425444489	0.96812085582306
23.390000000000	-0.11799093039125	0.96851597488096
23.400000000000	-0.11288903193918	0.96888711467927
23.410000000000	-0.10773802623911	0.96923354436766
23.420000000000	-0.10253737762819	0.96955451277677
23.430000000000	-0.097286547922000	0.96984924795815
23.437500000000	-0.093315169249859	0.97005260748098
23.440000000000	-0.091984996642445	0.97011695678737
23.450000000000	-0.086632181106986	0.97035682460112
23.460000000000	-0.081227556316552	0.97056801482376
23.470000000000	-0.075770574610392	0.97074966859804
23.480000000000	-0.070260685120972	0.97090090464571
23.490000000000	-0.064697333377264	0.97102082000175
23.500000000000	-0.059079962726368	0.97110849240751
23.510000000000	-0.053408021566669	0.97116298199684
23.515625000000	-0.050193371802730	0.97117868872345
23.520000000000	-0.047680974349291	0.97118332107115
23.530000000000	-0.041898292663139	0.97116849257870
23.540000000000	-0.036059427895706	0.97111743613850
23.550000000000	-0.030163813869081	0.97102907446793
23.560000000000	-0.024210886817312	0.97090231546123
23.570000000000	-0.018200091380560	0.97073604157515
23.580000000000	-0.012130878439215	0.97052910417431
23.590000000000	-0.0060027031410420	0.97028032205892
23.593750000000	-0.0036893255975730	0.97017599392389
23.600000000000	0.00018497569419189	0.96998848108342
23.610000000000	0.0064326954040516	0.96965233378337
23.620000000000	0.012740988989352	0.96927059883763
23.630000000000	0.019110384484983	0.96884196039736
23.640000000000	0.025541404263291	0.96836506732698
23.650000000000	0.032034564291281	0.96783853238591
23.660000000000	0.038590373346303	0.96726093136490
23.670000000000	0.045209332189222	0.96663080217788
23.671875000000	0.046457457404408	0.96650668390377
23.680000000000	0.051891932691881	0.96594664389573
23.690000000000	0.058638656915761	0.96520691567870
23.700000000000	0.065449976144019	0.96441003548713
23.710000000000	0.072326349907105	0.96355437819682
23.720000000000	0.079268225313881	0.96263827173120
23.730000000000	0.086276039618175	0.96165998439445
23.740000000000	0.093350277155890	0.96061765622599
23.750000000000	0.10049210015957	0.95951026154373
23.760000000000	0.10769947396589	0.95833523205086
23.770000000000	0.11497491784738	0.95709039548897
23.780000000000	0.12231829760268	0.95577424404337
23.790000000000	0.12972987147056	0.95438476446319
23.800000000000	0.13720992587519	0.95291990951695
23.810000000000	0.14475873118944	0.95137758695893
23.820000000000	0.15237653350254	0.94975565479837
23.828125000000	0.15861695404104	0.94837770335315
23.830000000000	0.16006355122727	0.94805191909578
23.840000000000	0.16781997270025	0.94626413254223
23.850000000000	0.17564595400842	0.94438999332449
23.860000000000	0.18354161683517	0.94242714411634
23.870000000000	0.19150704625711	0.94037317113889
23.880000000000	0.19954228846355	0.93822560326858
23.890000000000	0.20764734838522	0.93598191118536
23.900000000000	0.21582218722436	0.93363950655990
23.906250000000	0.22096686030127	0.93212420206795
23.910000000000	0.22406671988067	0.93119574128145
23.920000000000	0.23238081226905	0.92864790672991
23.930000000000	0.24076427852543	0.92599323309651
23.940000000000	0.24921687809794	0.92322888875844
23.950000000000	0.25773831272058	0.92035197971399
23.960000000000	0.26632822326806	0.91735954908551
23.970000000000	0.27498618649068	0.91424857669998
23.980000000000	0.28371171162982	0.91101597876059
23.984375000000	0.28755023304560	0.90956266972355
23.990000000000	0.29250423691552	0.90765860763131
24.000000000000	0.30136312594445	0.90417325177550
24.010000000000	0.31028766391470	0.90055663593193
24.020000000000	0.31927705358761	0.89680542169541
24.030000000000	0.32833041043323	0.89291620871486
24.040000000000	0.33744675527599	0.88888553587280
24.050000000000	0.34662500324608	0.88470987676762
24.060000000000	0.35586396462267	0.88038562180792
24.062500000000	0.35818304472510	0.87928090891141
24.070000000000	0.36516237472993	0.87590908543147
24.080000000000	0.37451887813635	0.87127655193447
24.090000000000	0.38393198357590	0.86648426300496
24.100000000000	0.39340006753440	0.86152839314051
24.110000000000	0.40292138207057	0.85640505266406
24.120000000000	0.41249405145044	0.85111029441392
24.130000000000	0.42211606583961	0.84564011767608
24.140000000000	0.43178527496990	0.83999047095956
24.140625000000	0.43239111592726	0.83963131574143
24.150000000000	0.44149938200628	0.83415725464250
24.160000000000	0.45125593748302	0.82813632382313
24.170000000000	0.46105233321940	0.82192349147482
24.180000000000	0.47088579617596	0.81551453194037
24.190000000000	0.48075338223880	0.80890518478573
24.200000000000	0.49065196993326	0.80209115903012
24.210000000000	0.50057825407507	0.79506813776989
24.218750000000	0.50928372946923	0.78874814287320
24.220000000000	0.51052873937105	0.78783178321414
24.230000000000	0.52049973398466	0.78037774215035
24.240000000000	0.53048734308394	0.77270165185915
24.250000000000	0.54048746239206	0.76479914649722
24.260000000000	0.55049577176355	0.75666586396811
24.270000000000	0.56050772881314	0.74829745330151
24.280000000000	0.57051856263066	0.73968958256286
24.290000000000	0.58052326762665	0.73083794731900
24.296875000000	0.58739523083914	0.72460882604510
24.300000000000	0.59051659757677	0.72173827969217
24.310000000000	0.60049305998487	0.71238635805248
24.320000000000	0.61044691101042	0.70277801744780
24.330000000000	0.62037215155338	0.69290916104011
24.340000000000	0.63026252618725	0.68277577353337
24.350000000000	0.64011153073236	0.67237394147702
24.360000000000	0.64991245108291	0.66169991590818
24.370000000000	0.65965837062435	0.65075063240786
24.375000000000	0.66450740953961	0.64517234592567
24.380000000000	0.66933859695866	0.63952206090831
24.390000000000	0.67895064504753	0.62800789197287
24.400000000000	0.68848478477674	0.61620858371095
24.410000000000	0.69793227629832	0.60412014891229
24.420000000000	0.70728466163988	0.59173953609523
24.430000000000	0.71653316510246	0.57906402738877
24.440000000000	0.72566870722759	0.56609115979329
24.450000000000	0.73468191519425	0.55281872577735
24.453125000000	0.73747193523130	0.54860934166291
24.460000000000	0.74356312865297	0.53924478760553
24.470000000000	0.75230240455773	0.52536769535080
24.480000000000	0.76088952234496	0.51118610636221
24.490000000000	0.76931399000003	0.49669900551633
24.500000000000	0.77756505126597	0.48190572597840
24.510000000000	0.78563169413968	0.46680597031860
24.520000000000	0.79350266075439	0.45139983186883
24.530000000000	0.80116645872512	0.43568781621545
24.531250000000	0.80210928583235	0.43370234918039
24.540000000000	0.80861137402219	0.41967086272151
24.550000000000	0.81582548543034	0.40335036595986
24.560000000000	0.82279668064826	0.38672819691465
24.570000000000	0.82951267409391	0.36980672376184
24.580000000000	0.83596102654501	0.35258883194690
24.590000000000	0.84212916701076	0.33507794311845
24.600000000000	0.84800441822183	0.31727803246059
24.609375000000	0.85323512524003	0.30033216035733
24.610000000000	0.85357402991193	0.29919364620520
24.620000000000	0.85882522302697	0.28082993502856
24.630000000000	0.86374519609480	0.26219272766725
24.640000000000	0.86832103628420	0.24328850653156
24.650000000000	0.87253983234123	0.22412425943864
24.660000000000	0.87638884722615	0.20470759964918
24.670000000000	0.87985547218903	0.18504685801556
24.680000000000	0.88292722237523	0.16515105706980
24.687500000000	0.88496448135014	0.15008075896661
24.690000000000	0.88559178075673	0.14502989787005
24.700000000000	0.88783704429367	0.12469376065845
24.710000000000	0.88965116756777	0.10415370659470
24.720000000000	0.89102260570254	0.083421477137739
24.730000000000	0.89194015748726	0.062509490470644
24.740000000000	0.89239300892247	0.041430834858174
24.750000000000	0.89237077712323	0.020199258878210
24.760000000000	0.89186355440658	-0.0011708415368646
24.770000000000	0.89086195234171	-0.022664439312428
24.780000000000	0.88935714551471	-0.044265895752450
24.790000000000	0.88734091474344	-0.065958983407728
24.800000000000	0.88480568946577	-0.087726912310063
24.810000000000	0.88174458901570	-0.10955235956784
24.820000000000	0.87815146249611	-0.13141750229255
24.830000000000	0.87402092695373	-0.15330405379903
24.840000000000	0.86934840356198	-0.17519330299347
24.843750000000	0.86745568512856	-0.18339858123946
24.850000000000	0.86413015151995	-0.19706615683401
24.860000000000	0.85836329938241	-0.21890318571847
24.870000000000	0.85204587354509	-0.24068467162189
24.880000000000	0.84517682362333	-0.26239065877263
24.890000000000	0.83775604448126	-0.28400100661580
24.900000000000	0.82978439469589	-0.30549544475859
24.910000000000	0.82126371128356	-0.32685362950007
24.920000000000	0.81219682059399	-0.34805520134517
24.921875000000	0.81043626420161	-0.35201141002557
24.930000000000	0.80258754544251	-0.36907984232971
24.940000000000	0.79244070893760	-0.38990732992405
24.950000000000	0.78176213606701	-0.41051757444492
24.960000000000	0.77055864284339	-0.43089055531339
24.970000000000	0.75883696177354	-0.45100520780319
24.980000000000	0.74660576413008	-0.47085107428933
24.990000000000	0.73387911369706	-0.49039773612728
25.000000000000	0.72066316123073	-0.50963177125151
25.010000000000	0.70697028908101	-0.52853541911536
25.020000000000	0.69281295749552	-0.54709141803626
25.030000000000	0.67820435064895	-0.56528316342084
25.040000000000	0.66315840889201	-0.58309473427278
25.050000000000	0.64768980041656	-0.60051093093579
25.060000000000	0.63181387940592	-0.61751731411397
25.070000000000	0.61554663866033	-0.63410024187822
25.077500000000	0.60309935821975	-0.64625180650477
25.080000000000	0.59890465884815	-0.65024690349353
25.090000000000	0.58190505527373	-0.66594534954414
25.100000000000	0.56456542271423	-0.68118451807098
25.110000000000	0.54690377877320	-0.69595425654853
25.120000000000	0.52893850616177	-0.71024533959895
25.130000000000	0.51068829430111	-0.72404948239430
25.140000000000	0.49217208062859	-0.73735934974225
25.150000000000	0.47340899197716	-0.75016856089044
25.155000000000	0.46394088412269	-0.75638368761494
25.160000000000	0.45441828638412	-0.76247169011957
25.170000000000	0.43521929566801	-0.77426426322796
25.180000000000	0.41583136909256	-0.78554275003856
25.190000000000	0.39627381841302	-0.79630455308568
25.200000000000	0.37656586457082	-0.80654799266193
25.210000000000	0.35672658626686	-0.81627228842954
25.220000000000	0.33677487059759	-0.82547753782943
25.230000000000	0.31672936588058	-0.83416469157154
25.240000000000	0.29660843674103	-0.84233552659430
25.250000000000	0.27643012154357	-0.84999261708969
25.260000000000	0.25621209254330	-0.85713930450656
25.270000000000	0.23597162007542	-0.86377966750622
25.280000000000	0.21572554355900	-0.86991849134566
25.290000000000	0.19549025113064	-0.87556123191279
25.300000000000	0.17528166167419	-0.88071396789179
25.310000000000	0.15511519623174	-0.88538334636512
25.320000000000	0.13500574011068	-0.88957653998343
25.330000000000	0.11496761449983	-0.89330121944532
25.340000000000	0.095014564850368	-0.89656552620694
25.350000000000	0.075159756717219	-0.89937803702388
25.360000000000	0.055415771455399	-0.90174772381190
25.370000000000	0.035794600833681	-0.90368391351054
25.380000000000	0.016307641646378	-0.90519624946070
25.390000000000	-0.0030343089051903	-0.90629465352715
25.400000000000	-0.022221055882194	-0.90698928738643
25.410000000000	-0.041243004826392	-0.90729051261649
25.420000000000	-0.060091153490823	-0.90720885243574
25.430000000000	-0.078757079149669	-0.90675495928163
25.440000000000	-0.097232926716120	-0.90593958844588
25.450000000000	-0.11551140010320	-0.90477357352401
25.460000000000	-0.13358575466715	-0.90326780039039
25.470000000000	-0.15144978789993	-0.90143317996465
25.480000000000	-0.16909782751172	-0.89928062150472
25.490000000000	-0.18652471744536	-0.89682100758228
25.500000000000	-0.20372580258251	-0.89406517105513
25.510000000000	-0.22069691265154	-0.89102387394840
25.520000000000	-0.23743434561033	-0.88770778807484
25.530000000000	-0.25393485065125	-0.88412747725521
25.540000000000	-0.27019561092487	-0.88029338104179
25.550000000000	-0.28621422606310	-0.87621579987545
25.560000000000	-0.30198869457770	-0.87190488162007
25.570000000000	-0.31751739620789	-0.86737060942336
25.580000000000	-0.33279907428802	-0.86262279085316
25.583750000000	-0.33846582129064	-0.86078927399702
25.590000000000	-0.34783281820208	-0.85767104825793
25.600000000000	-0.36261804598777	-0.85252481029768
25.610000000000	-0.37715448714673	-0.84719330459074
25.620000000000	-0.39144216571280	-0.84168555142005
25.630000000000	-0.40548138362416	-0.83601035844221
25.640000000000	-0.41927270443981	-0.83017631634224
25.650000000000	-0.43281693743563	-0.82419179537672
25.660000000000	-0.44611512210988	-0.81806494274907
25.670000000000	-0.45916851312310	-0.81180368076107
25.680000000000	-0.47197856569252	-0.80541570568602
25.690000000000	-0.48454692145587	-0.79890848731080
25.700000000000	-0.49687539481476	-0.79228926909547
25.710000000000	-0.50896595976154	-0.78556506890276
25.720000000000	-0.52082073718673	-0.77874268025397
25.720625000000	-0.52155388269988	-0.77831317197950
25.730000000000	-0.53244198265444	-0.77182867407726
25.740000000000	-0.54383207462016	-0.76482940093403
25.750000000000	-0.55499350305134	-0.75775099375498
25.760000000000	-0.56592885841486	-0.75059937122899
25.770000000000	-0.57664082111917	-0.74338024224255
25.780000000000	-0.58713215215477	-0.73609911221464
25.790000000000	-0.59740568808209	-0.72876129197408
25.800000000000	-0.60746434781198	-0.72137190342061
25.810000000000	-0.61731114544224	-0.71393585604201
25.820000000000	-0.62694914400826	-0.70645779763063
25.830000000000	-0.63638136335233	-0.69894216559912
25.840000000000	-0.64561082022516	-0.69139328495034
25.850000000000	-0.65464059753828	-0.68381534101036
25.857500000000	-0.66128377480710	-0.67811522521979
25.860000000000	-0.66347382879835	-0.67621233663616
25.870000000000	-0.67211366993261	-0.66858809182015
25.880000000000	-0.68056328623901	-0.66094625460104
25.890000000000	-0.68882584649485	-0.65329030990410
25.900000000000	-0.69690451885734	-0.64562358605715
25.910000000000	-0.70480246711375	-0.63794926017761
25.920000000000	-0.71252284705814	-0.63027036308143
25.930000000000	-0.72006880301600	-0.62258978397999
25.940000000000	-0.72744346455697	-0.61491027506371
25.950000000000	-0.73464994342005	-0.60723445600512
25.960000000000	-0.74169133066048	-0.59956481839033
25.970000000000	-0.74857069401850	-0.59190373007794
25.980000000000	-0.75529107550503	-0.58425343948227
25.990000000000	-0.76185548919626	-0.57661607977640
25.994375000000	-0.76467913917362	-0.57327932157626
26.000000000000	-0.76826691922814	-0.56899367301109
26.010000000000	-0.77452831798079	-0.56138813414605
26.020000000000	-0.78064260444286	-0.55380127499043
26.030000000000	-0.78661266274578	-0.54623480805026
26.040000000000	-0.79244134085819	-0.53869035028082
26.050000000000	-0.79813144943094	-0.53116942674256
26.060000000000	-0.80368576078360	-0.52367347415970
26.070000000000	-0.80910700802349	-0.51620384438081
26.080000000000	-0.81439788428885	-0.50876180774129
26.090000000000	-0.81956104210811	-0.50134855632784
26.100000000000	-0.82459909286735	-0.49396520714529
26.110000000000	-0.82951460637875	-0.48661280518649
26.120000000000	-0.83431011054301	-0.47929232640624
26.130000000000	-0.83898809109895	-0.47200468060014
26.131250000000	-0.83956469744486	-0.47109607627055
26.140000000000	-0.84355099145410	-0.46475071418991
26.150000000000	-0.84800121259038	-0.45753121291635
26.160000000000	-0.85234111303886	-0.45034690444165
26.170000000000	-0.85657300891872	-0.44319846086269
26.180000000000	-0.86069917403489	-0.43608650113704
26.190000000000	-0.86472184002992	-0.42901159342360
26.200000000000	-0.86864319658536	-0.42197425733972
26.210000000000	-0.87246539166842	-0.41497496613686
26.220000000000	-0.87619053182000	-0.40801414879664
26.230000000000	-0.87982068248002	-0.40109219204962
26.240000000000	-0.88335786834666	-0.39420944231861
26.250000000000	-0.88680407376580	-0.38736620758884
26.260000000000	-0.89016124314738	-0.38056275920705
26.268125000000	-0.89282469977462	-0.37506441750737
26.270000000000	-0.89343128140524	-0.37379933361178
26.280000000000	-0.89661605441682	-0.36707613399712
26.290000000000	-0.89971738949868	-0.36039333191241
26.300000000000	-0.90273707589282	-0.35375106880053
26.310000000000	-0.90567686525631	-0.34714945747815
26.320000000000	-0.90853847214205	-0.34058858356204
26.330000000000	-0.91132357444657	-0.33406850684779
26.340000000000	-0.91403381377206	-0.32758926265120
26.350000000000	-0.91667079556889	-0.32115086313072
26.360000000000	-0.91923608866576	-0.31475329862099
26.370000000000	-0.92173122278460	-0.30839653897429
26.380000000000	-0.92415767739920	-0.30208053407220
26.390000000000	-0.92651681218194	-0.29580519362867
26.400000000000	-0.92880983443465	-0.28956906207893
26.405000000000	-0.92993406958523	-0.28646717870169
26.410000000000	-0.93104072127485	-0.28337566907294
26.420000000000	-0.93320693568774	-0.27722202473673
26.430000000000	-0.93531165450386	-0.27110842443594
26.440000000000	-0.93735612807091	-0.26503486571402
26.450000000000	-0.93934162193055	-0.25900120935069
26.460000000000	-0.94126938535002	-0.25300728620536
26.470000000000	-0.94314064327683	-0.24705291084211
26.480000000000	-0.94495659440387	-0.24113788509727
26.490000000000	-0.94671841083419	-0.23526199963003
26.500000000000	-0.94842723825929	-0.22942503489524
26.510000000000	-0.95008419632825	-0.22362676190055
26.520000000000	-0.95169037909532	-0.21786694286170
26.530000000000	-0.95324685550083	-0.21214533179791
26.540000000000	-0.95475466986570	-0.20646167508547
26.541875000000	-0.95503205081438	-0.20540019378430
26.550000000000	-0.95621484238988	-0.20081571197777
26.560000000000	-0.95762836964978	-0.19520717509652
26.570000000000	-0.95899622509165	-0.18963579089699
26.580000000000	-0.96031935951946	-0.18410128010907
26.590000000000	-0.96159870157591	-0.17860335815596
26.600000000000	-0.96283515821611	-0.17314173555160
26.610000000000	-0.96402961517327	-0.16771611827797
26.620000000000	-0.96518293741621	-0.16232620814355
26.630000000000	-0.96629596959850	-0.15697170312369
26.640000000000	-0.96736953649919	-0.15165229768379
26.650000000000	-0.96840444345496	-0.14636768308636
26.660000000000	-0.96940147678392	-0.14111754768239
26.670000000000	-0.97036140420089	-0.13590157718800
26.678750000000	-0.97117149190783	-0.13136538002741
26.680000000000	-0.97128497522442	-0.13071945494692
26.690000000000	-0.97217292157546	-0.12557086217943
26.700000000000	-0.97302595756783	-0.12045547821836
26.710000000000	-0.97384478049056	-0.11537298073265
26.720000000000	-0.97463007098214	-0.11032304593906
26.730000000000	-0.97538249339682	-0.10530534880249
26.740000000000	-0.97610269616296	-0.10031956322531
26.750000000000	-0.97679131213358	-0.095365362226325
26.760000000000	-0.97744895892909	-0.090442418109618
26.770000000000	-0.97807623927243	-0.085550402623799
26.780000000000	-0.97867374131651	-0.080688987112041
26.790000000000	-0.97924203896430	-0.075857842653252
26.800000000000	-0.97978169218130	-0.071056640194791
26.810000000000	-0.98029324730083	-0.066285050677043
26.815625000000	-0.98056884986757	-0.063613921588247
26.820000000000	-0.98077723732200	-0.061542745150197
26.830000000000	-0.98123418220050	-0.056829394883563
26.840000000000	-0.98166458913230	-0.052144671467674
26.850000000000	-0.98206895283023	-0.047488246909483
26.860000000000	-0.98244775579359	-0.042859793720838
26.870000000000	-0.98280146857057	-0.038258985000410
26.880000000000	-0.98313055001361	-0.033685494509108
26.890000000000	-0.98343544752730	-0.029138996738816
26.900000000000	-0.98371659730856	-0.024619166973915
26.910000000000	-0.98397442457869	-0.020125681344286
26.920000000000	-0.98420934380656	-0.015658216866934
26.930000000000	-0.98442175892328	-0.011216451470166
26.940000000000	-0.98461206353127	-0.0068000639875663
26.950000000000	-0.98478064112380	-0.0024087340957973
26.952500000000	-0.98481943467550	-0.0013147794020104
26.960000000000	-0.98492786537465	0.0019578578488386
26.970000000000	-0.98505410069713	0.0063000311049718
26.980000000000	-0.98515970358118	0.010618104683323
26.990000000000	-0.98524502498877	0.014912395569919
27.000000000000	-0.98531040935326	0.019183212338700
27.010000000000	-0.98535618235848	0.023430854569404
27.020000000000	-0.98538264937748	0.027655630697494
27.030000000000	-0.98539011423193	0.031857859482250
27.040000000000	-0.98537888082432	0.036037856219766
27.050000000000	-0.98534924597072	0.040195930569806
27.060000000000	-0.98530149732000	0.044332389139841
27.070000000000	-0.98523591373264	0.048447536870857
27.080000000000	-0.98515276585077	0.052541677443352
27.089375000000	-0.98505909658702	0.056361124484808
27.090000000000	-0.98505231648964	0.056615113354455
27.100000000000	-0.98493482089955	0.060668145915201
27.110000000000	-0.98480052696006	0.064701075237382
27.120000000000	-0.98464967533996	0.068714200225608
27.130000000000	-0.98448249963892	0.072707818576474
27.140000000000	-0.98429922651825	0.076682226783768
27.150000000000	-0.98410007582432	0.080637720148415
27.160000000000	-0.98388526070623	0.084574592792172
27.170000000000	-0.98365498772871	0.088493137674372
27.180000000000	-0.98340945698082	0.092393646611237
27.190000000000	-0.98314886218042	0.096276410297428
27.200000000000	-0.98287339077497	0.10014171832963
27.210000000000	-0.98258322403843	0.10398985923200
27.220000000000	-0.98227853716453	0.10782112048338
27.226250000000	-0.98208080979109	0.11020721439469
27.230000000000	-0.98195949935651	0.11163578854616
27.240000000000	-0.98162627391318	0.11543414889676
27.250000000000	-0.98127901831152	0.11921648605778
27.260000000000	-0.98091788428583	0.12298308363156
27.270000000000	-0.98054301790337	0.12673422433552
27.280000000000	-0.98015455963656	0.13047019003897
27.290000000000	-0.97975264443173	0.13419126180171
27.300000000000	-0.97933740177442	0.13789771991445
27.310000000000	-0.97890895575101	0.14158984394131
27.320000000000	-0.97846742510671	0.14526791276471
27.330000000000	-0.97801292329943	0.14893220463337
27.340000000000	-0.97754555854907	0.15258299721426
27.350000000000	-0.97706543388099	0.15622056765012
27.360000000000	-0.97657264716142	0.15984519262546
27.363125000000	-0.97641606940001	0.16097527678677
27.370000000000	-0.97606729112018	0.16345714844576
27.380000000000	-0.97554945335005	0.16705671113870
27.390000000000	-0.97501921625877	0.17064415659329
27.400000000000	-0.97447665691202	0.17421976076456
27.410000000000	-0.97392184659963	0.17778379998297
27.420000000000	-0.97335484962434	0.18133655135172
27.430000000000	-0.97277571974058	0.18487829255849
27.440000000000	-0.97218449021105	0.18840929520598
27.450000000000	-0.97158116948157	0.19192977739009
27.460000000000	-0.97096591653184	0.19543986563780
27.470000000000	-0.97033898243634	0.19894004309228
27.480000000000	-0.96970018793405	0.20243071820543
27.490000000000	-0.96904950173949	0.20591205871138
27.500000000000	-0.96838697497463	0.20938430105881
27.510000000000	-0.96771264658132	0.21284771345828
27.520000000000	-0.96702654286954	0.21630257080894
27.530000000000	-0.96632868175463	0.21974914947622
27.540000000000	-0.96561907471517	0.22318772636417
27.550000000000	-0.96489772760950	0.22661857883143
27.560000000000	-0.96416464102495	0.23004198477079
27.570000000000	-0.96341981042924	0.23345822271351
27.580000000000	-0.96266322623179	0.23686757193136
27.590000000000	-0.96189487379998	0.24027031253326
27.600000000000	-0.96111473345086	0.24366672555764
27.610000000000	-0.96032278042769	0.24705709306266
27.620000000000	-0.95951898486640	0.25044169821544
27.630000000000	-0.95870331175415	0.25382082538167
27.640000000000	-0.95787572088152	0.25719476021624
27.645000000000	-0.95745744228562	0.25887987015151
27.650000000000	-0.95703616678898	0.26056378975566
27.660000000000	-0.95618459870792	0.26392820251316
27.670000000000	-0.95532096049652	0.26728828857716
27.680000000000	-0.95444519057054	0.27064433971483
27.690000000000	-0.95355722182885	0.27399664948291
27.700000000000	-0.95265698157382	0.27734551335032
27.710000000000	-0.95174439142617	0.28069122884144
27.720000000000	-0.95081936723406	0.28403409571936
27.730000000000	-0.94988181897468	0.28737441625521
27.740000000000	-0.94893165064327	0.29071249570789
27.750000000000	-0.94796876010541	0.29404864340534
27.760000000000	-0.94699303877570	0.29738317596752
27.770000000000	-0.94600436991948	0.30071643134008
27.780000000000	-0.94500259746469	0.30404889570597
27.790000000000	-0.94398723178106	0.30737877345138
27.800000000000	-0.94295941369015	0.31071070694843
27.810000000000	-0.94191771345199	0.31404189605333
27.820000000000	-0.94086237909898	0.31737329178007
27.830000000000	-0.93979326801530	0.32070527457155
27.840000000000	-0.93871021977722	0.32403819000684
27.850000000000	-0.93761306476918	0.32737237932512
27.860000000000	-0.93650162519614	0.33070818504585
27.870000000000	-0.93537571516588	0.33404595264225
27.880000000000	-0.93423514056750	0.33738603123802
27.890000000000	-0.93307969888416	0.34072877399378
27.900000000000	-0.93190917897577	0.34407453837799
27.910000000000	-0.93072336084270	0.34742368639102
27.911250000000	-0.93057404660989	0.34784258601630
27.920000000000	-0.92952201537412	0.35077658476945
27.930000000000	-0.92830490408246	0.35413360518300
27.940000000000	-0.92707177882394	0.35749512442985
27.950000000000	-0.92582238150515	0.36086152463347
27.960000000000	-0.92455644377514	0.36423319344275
27.970000000000	-0.92327368670255	0.36761052423647
27.980000000000	-0.92197382043695	0.37099391633288
27.990000000000	-0.92065654385389	0.37438377520484
28.000000000000	-0.91932154418269	0.37778051270099
28.010000000000	-0.91796849661622	0.38118454727326
28.020000000000	-0.91659706390181	0.38459630421111
28.030000000000	-0.91520689591220	0.38801621588266
28.032500000000	-0.91485638423548	0.38887251933984
28.040000000000	-0.91379762919572	0.39144472198308
28.050000000000	-0.91236888650441	0.39488226979054
28.060000000000	-0.91092027629915	0.39832931442994
28.070000000000	-0.90945139223042	0.40178631914466
28.080000000000	-0.90796181259353	0.40525375557675
28.090000000000	-0.90645109975693	0.40873210405567
28.100000000000	-0.90491879956205	0.41222185389608
28.110000000000	-0.90336444069338	0.41572350370473
28.120000000000	-0.90178753401690	0.41923756169694
28.130000000000	-0.90018757188540	0.42276454602300
28.140000000000	-0.89856402740864	0.42630498510463
28.150000000000	-0.89691635368670	0.42985941798210
28.153750000000	-0.89629214003017	0.43119604998800
28.160000000000	-0.89524398300433	0.43342839467225
28.170000000000	-0.89354632598445	0.43701247653793
28.180000000000	-0.89182277069860	0.44061223666959
28.190000000000	-0.89007268173266	0.44422826027977
28.200000000000	-0.88829539920624	0.44786114511255
28.210000000000	-0.88649023774543	0.45151150187118
28.220000000000	-0.88465648541106	0.45517995467262
28.230000000000	-0.88279340259051	0.45886714155238
28.240000000000	-0.88090022087318	0.46257371509512
28.250000000000	-0.87897614192929	0.46630034348482
28.260000000000	-0.87702033596961	0.47004771338696
28.270000000000	-0.87503193005149	0.47381654037879
28.275000000000	-0.87402519588697	0.47570922387070
28.280000000000	-0.87300995079982	0.47760749521919
28.290000000000	-0.87095361688196	0.48142124576500
28.300000000000	-0.86886190876325	0.48525866622986
28.310000000000	-0.86673378309325	0.48912048855702
28.320000000000	-0.86456818986065	0.49300748781292
28.330000000000	-0.86236403433606	0.49692046510142
28.340000000000	-0.86012017523801	0.50086024244904
28.350000000000	-0.85783542312492	0.50482766239098
28.360000000000	-0.85550853830141	0.50882358835002
28.370000000000	-0.85313822844325	0.51284890519759
28.380000000000	-0.85072314601983	0.51690451987283
28.390000000000	-0.84826188553628	0.52099136202791
28.396250000000	-0.84669949899568	0.52356191854927
28.400000000000	-0.84575298059753	0.52511038468892
28.410000000000	-0.84319490078819	0.52926256492793
28.420000000000	-0.84058604835842	0.53344890454335
28.430000000000	-0.83792475470385	0.53767043074638
28.440000000000	-0.83520927662560	0.54192819685099
28.450000000000	-0.83243779235555	0.54622328296484
28.460000000000	-0.82960839733013	0.55055679667802
28.470000000000	-0.82671909969492	0.55492987374593
28.480000000000	-0.82376781552034	0.55934367876213
28.490000000000	-0.82075236370757	0.56379940581616
28.500000000000	-0.81767046056137	0.56829827913053
28.510000000000	-0.81451971400514	0.57284155367025
28.517500000000	-0.81210997219643	0.57627892046535
28.520000000000	-0.81129761741034	0.57743051571707
28.530000000000	-0.80800154301060	0.58206648339984
28.540000000000	-0.80462873486707	0.58675080717114
28.550000000000	-0.80117630134886	0.59148487021978
28.560000000000	-0.79764120708851	0.59627008880817
28.570000000000	-0.79402026436952	0.60110791252385
28.580000000000	-0.79031012390023	0.60599982443451
28.590000000000	-0.78650726492755	0.61094734113648
28.600000000000	-0.78260798464520	0.61595201268472
28.610000000000	-0.77860838685329	0.62101542238743
28.620000000000	-0.77450436982771	0.62613918643735
28.630000000000	-0.77029161335339	0.63132495333521
28.638750000000	-0.76651267817294	0.63591468100375
28.640000000000	-0.76596556486202	0.63657440304314
28.650000000000	-0.76152142459085	0.64188924579367
28.660000000000	-0.75695412965294	0.64727122048086
28.670000000000	-0.75225833689018	0.65272209257227
28.680000000000	-0.74742840437723	0.65824365149580
28.690000000000	-0.74245837145540	0.66383770745938
28.700000000000	-0.73734193719038	0.66950608764896
28.710000000000	-0.73207243715825	0.67525063172114
28.720000000000	-0.72664281846905	0.68107318646687
28.730000000000	-0.72104561294718	0.68697559946957
28.740000000000	-0.71527290842621	0.69295971148930
28.750000000000	-0.70931631823238	0.69902734708428
28.760000000000	-0.70316694922444	0.70518030229887
28.770000000000	-0.69681536930740	0.71142032567738
28.780000000000	-0.69025157393556	0.71774907722834
28.790000000000	-0.68346490460404	0.72416799476145
28.800000000000	-0.67644328886763	0.73067818478806
28.810000000000	-0.66917397558644	0.73728335759096
28.820000000000	-0.66164695330266	0.74398400317927
28.830000000000	-0.65384729486347	0.75078010308529
28.840000000000	-0.64576005615966	0.75767299300782
28.850000000000	-0.63736966086360	0.76466355816061
28.860000000000	-0.62865950066809	0.77175232333532
28.870000000000	-0.61961183161719	0.77893946398434
28.880000000000	-0.61020768752134	0.78622476451009
28.890000000000	-0.60042678679795	0.79360755584992
28.900000000000	-0.59024743090948	0.80108663916467
28.910000000000	-0.57964639414743	0.80866019621622
28.920000000000	-0.56859880447877	0.81632568522298
28.930000000000	-0.55707801509549	0.82407972022160
28.940000000000	-0.54505546629845	0.83191793145096
28.950000000000	-0.53250053739771	0.83983480379830
28.960000000000	-0.51938038841885	0.84782348983615
28.970000000000	-0.50565979157408	0.85587559340227
28.980000000000	-0.49130095270298	0.86398091901405
28.990000000000	-0.47626332322999	0.87212718164792
29.000000000000	-0.46050340365254	0.88029967053989
29.010000000000	-0.44397454020099	0.88848085966084
29.020000000000	-0.42662671714495	0.89664995637694
29.030000000000	-0.40840634831982	0.90478237851126
29.040000000000	-0.38925607288532	0.91284914857044
29.050000000000	-0.36911456219863	0.92081619229206
29.060000000000	-0.34791634710205	0.92864352691651
29.070000000000	-0.32559167802894	0.93628432272456
29.080000000000	-0.30206643428145	0.94368381946619
29.090000000000	-0.27726210379672	0.95077807742183
29.100000000000	-0.25109586081358	0.95749254104971
29.110000000000	-0.22348077605824	0.96374039124058
29.120000000000	-0.19432620254446	0.96942065818971
29.130000000000	-0.16353839643590	0.97441605300578
29.140000000000	-0.13102150856919	0.97859045903155
29.150000000000	-0.096679219450605	0.98178625499155
29.160000000000	-0.060416542948383	0.98382187453337
29.170000000000	-0.022141652717177	0.98448823861400
29.180000000000	0.018230283931262	0.98354467495882
29.190000000000	0.060772371268475	0.98071557907027
29.200000000000	0.10554039440271	0.97568687819256
29.210000000000	0.15256562405024	0.96810254715167
29.220000000000	0.20184575391827	0.95756165478454
29.230000000000	0.25333374022021	0.94361641370119
29.240000000000	0.30692432711513	0.92577186132807
29.250000000000	0.36243813892297	0.90348800848288
29.260000000000	0.41960341250070	0.87618552164690
29.270000000000	0.47803575926440	0.84325623189755
29.280000000000	0.53721681897324	0.80407994192348
29.290000000000	0.59647332095056	0.75804905831726
29.300000000000	0.65495890065911	0.70460240161277
29.310000000000	0.71164197573452	0.64326900395612
29.320000000000	0.76530392686813	0.57372164736869
29.325000000000	0.79057292457167	0.53581978342317
29.330000000000	0.81455250419016	0.49583821478060
29.340000000000	0.85785542004309	0.40976662588021
29.350000000000	0.89359805282092	0.31598642812835
29.360000000000	0.92016668477765	0.21535752898344
29.370000000000	0.93605460235740	0.10914492106205
29.380000000000	0.93998308222893	-0.00099142770149786
29.390000000000	0.93102382157986	-0.11304923519104
29.400000000000	0.90870537886049	-0.22478074092350
29.410000000000	0.87308542570013	-0.33382713196104
29.420000000000	0.82477420147877	-0.43787561670492
29.430000000000	0.76490229856831	-0.53481823601164
29.440000000000	0.69503600735169	-0.62289004757238
29.450000000000	0.61705308775291	-0.70076810686815
29.460000000000	0.53299824320975	-0.76762060958710
29.470000000000	0.44493917699992	-0.82310519748740
29.480000000000	0.35484105770137	-0.86732398948945
29.490000000000	0.26447110889789	-0.90074838664598
29.500000000000	0.17533806457368	-0.92412853953096
29.510000000000	0.088664945124113	-0.93840136718783
29.520000000000	0.0053881523355915	-0.94460728116687
29.530000000000	-0.073824690158496	-0.94381879926673
29.540000000000	-0.14854159941846	-0.93708446334704
29.545000000000	-0.18413379764640	-0.93179927435104
29.550000000000	-0.21852679753302	-0.92539175693778
29.560000000000	-0.28370232457225	-0.90964427288643
29.570000000000	-0.34411211963891	-0.89064937152154
29.580000000000	-0.39988999625965	-0.86911429036495
29.590000000000	-0.45123254383553	-0.84564833620725
29.600000000000	-0.49837712448938	-0.82076898166081
29.610000000000	-0.54158461075156	-0.79491017305871
29.620000000000	-0.58112626519451	-0.76843163041118
29.630000000000	-0.61727407917125	-0.74162832414385
29.640000000000	-0.65029387739531	-0.71473968495011
29.650000000000	-0.68044032988724	-0.68795883570592
29.660000000000	-0.70794368377411	-0.66145229277195
29.670000000000	-0.73306839006179	-0.63525043027061
29.680000000000	-0.75598687503362	-0.60957600319862
29.690000000000	-0.77690245725972	-0.58442659452047
29.700000000000	-0.79599500642398	-0.55985855718694
29.710000000000	-0.81342749162873	-0.53590696050958
29.720000000000	-0.82934849648458	-0.51259389636475
29.730000000000	-0.84389323775486	-0.48993145033342
29.740000000000	-0.85718456650960	-0.46792382184208
29.750000000000	-0.86933396397406	-0.44656900859626
29.760000000000	-0.88044250946669	-0.42586017255878
29.770000000000	-0.89060180328757	-0.40578675152446
29.780000000000	-0.89989483400401	-0.38633536274515
29.790000000000	-0.90839678462279	-0.36749053559702
29.800000000000	-0.91617577572209	-0.34923530360303
29.810000000000	-0.92329354607119	-0.33155168085722
29.820000000000	-0.92980607288505	-0.31442104357712
29.830000000000	-0.93576413487236	-0.29782443392550
29.840000000000	-0.94121382181254	-0.28174280025848
29.850000000000	-0.94619699466936	-0.26615718547677
29.860000000000	-0.95075170030984	-0.25104887309723
29.870000000000	-0.95491254481814	-0.23639949895657
29.880000000000	-0.95871102922350	-0.22219113504799
29.890000000000	-0.96217585123736	-0.20840635082683
29.900000000000	-0.96533317634055	-0.19502825636038
29.910000000000	-0.96820688129669	-0.18204053090470
29.920000000000	-0.97081877290327	-0.16942743983891
29.930000000000	-0.97318878453659	-0.15717384234946
29.940000000000	-0.97533515280398	-0.14526519181332
29.950000000000	-0.97727457639325	-0.13368753046191
29.960000000000	-0.97902235900291	-0.12242747960237
29.970000000000	-0.98059253805321	-0.11147222641539
29.980000000000	-0.98199800071574	-0.10080950812543
29.990000000000	-0.98325058866775	-0.090427594135630
30.000000000000	-0.98436119287709	-0.080315266511437
