#Parameters = {L=6; d=0.018; h=0.508; h_air=12; w=2.75}
#"Frequency / GHz"	"SZmax(1),Zmax(1) [Real/Imaginary Part] [Re]"	"SZmax(1),Zmax(1) [Real/Imaginary Part] [Im]"
#-------------------------------------------------------------------------------------------------------------
20.000000000000	-0.89473520927280	0.44215145450790
20.010000000000	-0.89445986476345	0.44269002949852
20.020000000000	-0.89418336373262	0.44322999951530
20.030000000000	-0.89390569874258	0.44377137193602
20.040000000000	-0.89362686228174	0.44431415415277
20.050000000000	-0.89334684676516	0.44485835357607
20.060000000000	-0.89306564453493	0.44540397763839
20.070000000000	-0.89278324786033	0.44595103379737
20.080000000000	-0.89249964893790	0.44649952953858
20.090000000000	-0.89221483989133	0.44704947237805
20.100000000000	-0.89192881277131	0.44760086986448
20.110000000000	-0.89164155955525	0.44815372958129
20.120000000000	-0.89135307214697	0.44870805914843
20.130000000000	-0.89106334237627	0.44926386622405
20.140000000000	-0.89077236199848	0.44982115850602
20.150000000000	-0.89048012269398	0.45037994373334
20.156250000000	-0.89029683010286	0.45072994609247
20.160000000000	-0.89018661606765	0.45094022968740
20.170000000000	-0.88989183364824	0.45150202419325
20.180000000000	-0.88959576688781	0.45206533512065
20.190000000000	-0.88929840716104	0.45263017038516
20.200000000000	-0.88899974576456	0.45319653794913
20.210000000000	-0.88869977391627	0.45376444582263
20.220000000000	-0.88839848275457	0.45433390206433
20.230000000000	-0.88809586333761	0.45490491478241
20.240000000000	-0.88779190664257	0.45547749213528
20.250000000000	-0.88748660356482	0.45605164233247
20.260000000000	-0.88717994491710	0.45662737363531
20.270000000000	-0.88687192142874	0.45720469435773
20.280000000000	-0.88656252374478	0.45778361286694
20.290000000000	-0.88625174242509	0.45836413758415
20.300000000000	-0.88593956794356	0.45894627698528
20.310000000000	-0.88562599068714	0.45953003960161
20.312500000000	-0.88554737605459	0.45967623488815
20.320000000000	-0.88531100095498	0.46011543402048
20.330000000000	-0.88499458895746	0.46070246888598
20.340000000000	-0.88467674481532	0.46129115289957
20.350000000000	-0.88435745855868	0.46188149482085
20.360000000000	-0.88403672012608	0.46247350346814
20.370000000000	-0.88371451936353	0.46306718771928
20.380000000000	-0.88339084602355	0.46366255651230
20.390000000000	-0.88306568976414	0.46425961884619
20.400000000000	-0.88273904014787	0.46485838378168
20.410000000000	-0.88241088664082	0.46545886044212
20.420000000000	-0.88208121861167	0.46606105801438
20.430000000000	-0.88175002533069	0.46666498574988
20.440000000000	-0.88141729596880	0.46727065296579
20.450000000000	-0.88108301959668	0.46787806904636
20.460000000000	-0.88074718518387	0.46848724344467
20.468750000000	-0.88045204324345	0.46902172089846
20.470000000000	-0.88040978159805	0.46909818568460
20.480000000000	-0.88007079760435	0.46971090536365
20.490000000000	-0.87973022186487	0.47032541215647
20.500000000000	-0.87938804293858	0.47094171582002
20.510000000000	-0.87904424928156	0.47155982620091
20.520000000000	-0.87869882924803	0.47217975324662
20.530000000000	-0.87835177109266	0.47280150702326
20.540000000000	-0.87800306297476	0.47342509774518
20.550000000000	-0.87765269296620	0.47405053582713
20.560000000000	-0.87730064906561	0.47467783198239
20.570000000000	-0.87694691922445	0.47530699742306
20.580000000000	-0.87659149139452	0.47593804431314
20.590000000000	-0.87623435360603	0.47657098694553
20.600000000000	-0.87587549399106	0.47720584547107
20.610000000000	-0.87551489915009	0.47784266210262
20.620000000000	-0.87515250345981	0.47848162929101
20.625000000000	-0.87497011137318	0.47880227301166
20.630000000000	-0.87478715139370	0.47912101898183
20.640000000000	-0.87442230579238	0.47976379853372
20.650000000000	-0.87405472192434	0.48040839038964
20.660000000000	-0.87368527027429	0.48105486606019
20.670000000000	-0.87331398676447	0.48170328825669
20.680000000000	-0.87294086770308	0.48235368207104
20.690000000000	-0.87256590256139	0.48300606389357
20.700000000000	-0.87218907880256	0.48366044731325
20.710000000000	-0.87181038306801	0.48431684483051
20.720000000000	-0.87142980156336	0.48497526847945
20.730000000000	-0.87104732020857	0.48563573009157
20.740000000000	-0.87066292470410	0.48629824142083
20.750000000000	-0.87027660056256	0.48696281420854
20.760000000000	-0.86988833312470	0.48762946021935
20.770000000000	-0.86949810756768	0.48829819126261
20.780000000000	-0.86910590890928	0.48896901920560
20.781250000000	-0.86905674459097	0.48905302073033
20.790000000000	-0.86871172200976	0.48964195598223
20.800000000000	-0.86831553157249	0.49031701359897
20.810000000000	-0.86791732214362	0.49099420413913
20.820000000000	-0.86751707811136	0.49167353976602
20.830000000000	-0.86711478370481	0.49235503272544
20.840000000000	-0.86671042299258	0.49303869534773
20.850000000000	-0.86630397988127	0.49372454004944
20.860000000000	-0.86589543811377	0.49441257933485
20.870000000000	-0.86548478126745	0.49510282579730
20.880000000000	-0.86507199275231	0.49579529212043
20.890000000000	-0.86465705580905	0.49648999107936
20.900000000000	-0.86423995350701	0.49718693554179
20.910000000000	-0.86382066874214	0.49788613846908
20.920000000000	-0.86339918423486	0.49858761291731
20.930000000000	-0.86297548252788	0.49929137203832
20.937500000000	-0.86265624060727	0.49982069866180
20.940000000000	-0.86254954598396	0.49999742908074
20.950000000000	-0.86212135678368	0.50070579739096
20.960000000000	-0.86169089692305	0.50141649041420
20.970000000000	-0.86125814821121	0.50212952169546
20.980000000000	-0.86082309226799	0.50284490488054
20.990000000000	-0.86038571052150	0.50356265371699
21.000000000000	-0.85994598420565	0.50428278205512
21.010000000000	-0.85950389435765	0.50500530384897
21.020000000000	-0.85905942181558	0.50573023315723
21.030000000000	-0.85861254721582	0.50645758414422
21.040000000000	-0.85816325099062	0.50718737108085
21.050000000000	-0.85771151336566	0.50791960834557
21.060000000000	-0.85725731435770	0.50865431042527
21.070000000000	-0.85680063377230	0.50939149191636
21.080000000000	-0.85634145120181	0.51013116752567
21.090000000000	-0.85587974602350	0.51087335207162
21.093750000000	-0.85570595197541	0.51115232115543
21.100000000000	-0.85541549739814	0.51161806048538
21.110000000000	-0.85494868426919	0.51236530781229
21.120000000000	-0.85447928536284	0.51311510921354
21.130000000000	-0.85400727918945	0.51386747996854
21.140000000000	-0.85353264404730	0.51462243547814
21.150000000000	-0.85305535803010	0.51537999126978
21.160000000000	-0.85257539904112	0.51614016300606
21.170000000000	-0.85209274481927	0.51690296650021
21.180000000000	-0.85160737298819	0.51766841774680
21.190000000000	-0.85111926115250	0.51843653298767
21.200000000000	-0.85062838709764	0.51920732887076
21.210000000000	-0.85013472923801	0.51998082288811
21.220000000000	-0.84963826770130	0.52075703482554
21.230000000000	-0.84913898685829	0.52153599294851
21.240000000000	-0.84863687100430	0.52231777025534
21.250000000000	-0.84813160832657	0.52310251105750
21.260000000000	-0.84762337011022	0.52388942821330
21.270000000000	-0.84711253305356	0.52467931625964
21.280000000000	-0.84659870614683	0.52547210590082
21.290000000000	-0.84608187282468	0.52626774451665
21.300000000000	-0.84556201741405	0.52706623598625
21.310000000000	-0.84503911826595	0.52786759406810
21.320000000000	-0.84451315105469	0.52867183501298
21.330000000000	-0.84398409012313	0.52947897594660
21.340000000000	-0.84345190901837	0.53028903440639
21.350000000000	-0.84291658072399	0.53110202818146
21.360000000000	-0.84237807776890	0.53191797524924
21.370000000000	-0.84183637228138	0.53273689374799
21.380000000000	-0.84129143601653	0.53355880196405
21.390000000000	-0.84074324037023	0.53438371832585
21.400000000000	-0.84019175638552	0.53521166140124
21.406250000000	-0.83984539602792	0.53573067113244
21.410000000000	-0.83963695475481	0.53604264989646
21.420000000000	-0.83907880581946	0.53687670265617
21.430000000000	-0.83851727956782	0.53771383866401
21.440000000000	-0.83795234563225	0.53855407704344
21.450000000000	-0.83738397328543	0.53939743705891
21.460000000000	-0.83681213143628	0.54024393811708
21.470000000000	-0.83623678862552	0.54109359976816
21.480000000000	-0.83565791302102	0.54194644170737
21.490000000000	-0.83507547241300	0.54280248377625
21.500000000000	-0.83448943420903	0.54366174596420
21.510000000000	-0.83389976542901	0.54452424840985
21.520000000000	-0.83330643270002	0.54539001140247
21.530000000000	-0.83270940225103	0.54625905538334
21.540000000000	-0.83210863990761	0.54713140094714
21.550000000000	-0.83150411108651	0.54800706884319
21.560000000000	-0.83089578079013	0.54888607997679
21.562500000000	-0.83074310009434	0.54910635760585
21.570000000000	-0.83028361360095	0.54976845541041
21.580000000000	-0.82966757367583	0.55065421636489
21.590000000000	-0.82904762474022	0.55154338422061
21.600000000000	-0.82842373008230	0.55243598051862
21.610000000000	-0.82779585254700	0.55333202696174
21.620000000000	-0.82716395452997	0.55423154541567
21.630000000000	-0.82652799797139	0.55513455791003
21.640000000000	-0.82588794434984	0.55604108663943
21.650000000000	-0.82524375467603	0.55695115396459
21.660000000000	-0.82459538948658	0.55786478241340
21.670000000000	-0.82394280883782	0.55878199468206
21.680000000000	-0.82328597229983	0.55970281363627
21.690000000000	-0.82262483895063	0.56062726231253
21.700000000000	-0.82195936737107	0.56155536391954
21.710000000000	-0.82128951564047	0.56248714183984
21.718750000000	-0.82069976894446	0.56330548176145
21.720000000000	-0.82061524133408	0.56342261963174
21.730000000000	-0.81993650152326	0.56436182103167
21.740000000000	-0.81925325278105	0.56530476995723
21.750000000000	-0.81856545119783	0.56625149051099
21.760000000000	-0.81787305241754	0.56720200698519
21.770000000000	-0.81717601171901	0.56815634386550
21.780000000000	-0.81647428420587	0.56911452582512
21.790000000000	-0.81576782529415	0.57007657766200
21.800000000000	-0.81505659216173	0.57104252390264
21.810000000000	-0.81434054904130	0.57201238591092
21.820000000000	-0.81361968791962	0.57298614887598
21.830000000000	-0.81289369466795	0.57396359062441
21.840000000000	-0.81216261893972	0.57494557466860
21.850000000000	-0.81142675465461	0.57593145017810
21.860000000000	-0.81068580722570	0.57692132148447
21.870000000000	-0.80993972446559	0.57791525264659
21.875000000000	-0.80956474220904	0.57841375195332
21.880000000000	-0.80918845766010	0.57891327880711
21.890000000000	-0.80843195588384	0.57991542942719
21.900000000000	-0.80767016671629	0.58092173247174
21.910000000000	-0.80690303665229	0.58193221547808
21.920000000000	-0.80613051128263	0.58294690590636
21.930000000000	-0.80535253537367	0.58396583127651
21.940000000000	-0.80456905290192	0.58498901922906
21.950000000000	-0.80378000706727	0.58601649755511
21.960000000000	-0.80298534029534	0.58704829421231
21.970000000000	-0.80218499423399	0.58808443733397
21.980000000000	-0.80137890974639	0.58912495523462
21.990000000000	-0.80056702690206	0.59016987641358
22.000000000000	-0.79974928496651	0.59121922955729
22.010000000000	-0.79892562239002	0.59227304354097
22.020000000000	-0.79809597679565	0.59333134742985
22.030000000000	-0.79726028496674	0.59439417048000
22.031250000000	-0.79715539518069	0.59452734257934
22.040000000000	-0.79641848283401	0.59546154213899
22.050000000000	-0.79557050546218	0.59653349204635
22.060000000000	-0.79471628703633	0.59761005003395
22.070000000000	-0.79385576084785	0.59869124612617
22.080000000000	-0.79298885928015	0.59977711054012
22.090000000000	-0.79211551379400	0.60086767368559
22.100000000000	-0.79123565491258	0.60196296616508
22.110000000000	-0.79034921220626	0.60306301877363
22.120000000000	-0.78945611427706	0.60416786249870
22.130000000000	-0.78855628874279	0.60527752851978
22.140000000000	-0.78764966222090	0.60639204820814
22.150000000000	-0.78673616031199	0.60751145312632
22.160000000000	-0.78581570758309	0.60863577502765
22.170000000000	-0.78488822755046	0.60976504585561
22.180000000000	-0.78395364266225	0.61089929774313
22.187500000000	-0.78324799417041	0.61175327491551
22.190000000000	-0.78301187428067	0.61203856301183
22.200000000000	-0.78206284266396	0.61318287417109
22.210000000000	-0.78110646694786	0.61433226391709
22.220000000000	-0.78014266512691	0.61548676513167
22.230000000000	-0.77917135403523	0.61664641088116
22.240000000000	-0.77819244932708	0.61781123441503
22.250000000000	-0.77720586545694	0.61898126916444
22.260000000000	-0.77621151565933	0.62015654874065
22.270000000000	-0.77520931192817	0.62133710693329
22.280000000000	-0.77419916499583	0.62252297770850
22.290000000000	-0.77318098431180	0.62371419520685
22.300000000000	-0.77215467802096	0.62491079374111
22.310000000000	-0.77112015294156	0.62611280779385
22.320000000000	-0.77007731454281	0.62732027201467
22.330000000000	-0.76902606692224	0.62853322121729
22.340000000000	-0.76796631278268	0.62975169037617
22.343750000000	-0.76756669179125	0.63021004658994
22.350000000000	-0.76689795340919	0.63097571462275
22.360000000000	-0.76582088864585	0.63220532924097
22.370000000000	-0.76473501687266	0.63344056966199
22.380000000000	-0.76364023498285	0.63468147145753
22.390000000000	-0.76253643836099	0.63592807033111
22.400000000000	-0.76142352086271	0.63718040210585
22.410000000000	-0.76030137479706	0.63843850270608
22.420000000000	-0.75916989091348	0.63970240812763
22.430000000000	-0.75802895839621	0.64097215438552
22.440000000000	-0.75687846486946	0.64224777741377
22.450000000000	-0.75571829641279	0.64352931285506
22.460000000000	-0.75454833755266	0.64481679557386
22.470000000000	-0.75336847098916	0.64611025841176
22.480000000000	-0.75217857549278	0.64740972881954
22.490000000000	-0.75097851168020	0.64871522256199
22.500000000000	-0.74976806586438	0.65002679010266
22.510000000000	-0.74854716098838	0.65134468463446
22.520000000000	-0.74731590372777	0.65266878658487
22.530000000000	-0.74607402249412	0.65399902306254
22.540000000000	-0.74482134231915	0.65533547815331
22.550000000000	-0.74355773176162	0.65667820895506
22.560000000000	-0.74228305934452	0.65802725918983
22.570000000000	-0.74099719010621	0.65938266860278
22.580000000000	-0.73969998600037	0.66074447565743
22.590000000000	-0.73839130628348	0.66211271835412
22.600000000000	-0.73707100771411	0.66348743450874
22.610000000000	-0.73573894464337	0.66486866185700
22.620000000000	-0.73439496905207	0.66625643809651
22.630000000000	-0.73303893056663	0.66765080090646
22.640000000000	-0.73167067647745	0.66905178796233
22.650000000000	-0.73029005179152	0.67045943695715
22.656250000000	-0.72942080968495	0.67134261736432
22.660000000000	-0.72889689939325	0.67187378564105
22.670000000000	-0.72749106054469	0.67329487188180
22.680000000000	-0.72607237664943	0.67472273357484
22.690000000000	-0.72464069707149	0.67615740565493
22.700000000000	-0.72319590511300	0.67759885669395
22.710000000000	-0.72173746172098	0.67904706980079
22.720000000000	-0.72026560146179	0.68050249578580
22.730000000000	-0.71878010173596	0.68196481171924
22.734375000000	-0.71812584022560	0.68260676404105
22.740000000000	-0.71728071620612	0.68343410002085
22.750000000000	-0.71576725937114	0.68491041112517
22.760000000000	-0.71423954617330	0.68639378533606
22.770000000000	-0.71269738860523	0.68788426008735
22.780000000000	-0.71114059544874	0.68938187165320
22.790000000000	-0.70956897224527	0.69088665565455
22.800000000000	-0.70798232126848	0.69239864723145
22.810000000000	-0.70638044148310	0.69391788110212
22.812500000000	-0.70597756815746	0.69429882520796
22.820000000000	-0.70476312849363	0.69544439157725
22.830000000000	-0.70313017448617	0.69697821255398
22.840000000000	-0.70148136816518	0.69851937749988
22.850000000000	-0.69981649468581	0.70006791943114
22.860000000000	-0.69813533558161	0.70162387088760
22.870000000000	-0.69643766868607	0.70318726390618
22.880000000000	-0.69472326804523	0.70475812999536
22.890000000000	-0.69299190381500	0.70633650011590
22.890625000000	-0.69288312499001	0.70643539810283
22.900000000000	-0.69124334213139	0.70792240468298
22.910000000000	-0.68947734493308	0.70951587363468
22.920000000000	-0.68769366972450	0.71111693671170
22.930000000000	-0.68589206947355	0.71272562440386
22.940000000000	-0.68407229443233	0.71434197040801
22.950000000000	-0.68223410261390	0.71596601018208
22.960000000000	-0.68037725756254	0.71759775034898
22.968750000000	-0.67873699104119	0.71903183634887
22.970000000000	-0.67850147174311	0.71923718846629
22.980000000000	-0.67660645678775	0.72088436710874
22.990000000000	-0.67469194650958	0.72253932173487
23.000000000000	-0.67275766943208	0.72420207576053
23.010000000000	-0.67080334606611	0.72587264951060
23.020000000000	-0.66882869063379	0.72755106223571
23.030000000000	-0.66683341182506	0.72923733223336
23.040000000000	-0.66481721300242	0.73093147671625
23.046875000000	-0.66341878437025	0.73210077723006
23.050000000000	-0.66277979219970	0.73263351168026
23.060000000000	-0.66072084203502	0.73434345179066
23.070000000000	-0.65864004956495	0.73606131027458
23.080000000000	-0.65653709605053	0.73778709880160
23.090000000000	-0.65441165649855	0.73952082731757
23.100000000000	-0.65226339841379	0.74126250373057
23.110000000000	-0.65009197654142	0.74301213311158
23.120000000000	-0.64789698519055	0.74476971932388
23.125000000000	-0.64679029471002	0.74565163915485
23.130000000000	-0.64567873281122	0.74653564866071
23.140000000000	-0.64343562977172	0.74830889784308
23.150000000000	-0.64116812704619	0.75009036663303
23.160000000000	-0.63887572979354	0.75187981364967
23.170000000000	-0.63655804883013	0.75367722175840
23.180000000000	-0.63421470006636	0.75548258079513
23.190000000000	-0.63184529511485	0.75729587984095
23.200000000000	-0.62944943939822	0.75911710593740
23.203125000000	-0.62869524675133	0.75968786239479
23.210000000000	-0.62702673151681	0.76094624370194
23.220000000000	-0.62457676295565	0.76278327517464
23.230000000000	-0.62209911796731	0.76462817977755
23.240000000000	-0.61959337372761	0.76648093434527
23.250000000000	-0.61705910116234	0.76834151291925
23.260000000000	-0.61449586663737	0.77020988451732
23.270000000000	-0.61190322896843	0.77208600591290
23.280000000000	-0.60928072265905	0.77396982575948
23.281250000000	-0.60895078518187	0.77420584268664
23.290000000000	-0.60662786743438	0.77586131034677
23.300000000000	-0.60394419367716	0.77776042737343
23.310000000000	-0.60122922754692	0.77966712919486
23.320000000000	-0.59848248231437	0.78158136005742
23.330000000000	-0.59570345993012	0.78350305995598
23.340000000000	-0.59289165236047	0.78543216482731
23.350000000000	-0.59004654193888	0.78736860613461
23.359375000000	-0.58734853635517	0.78919061764265
23.360000000000	-0.58716760133547	0.78931231049007
23.370000000000	-0.58425429340716	0.79126319934892
23.380000000000	-0.58130607101130	0.79322118874278
23.390000000000	-0.57832237680724	0.79518618903081
23.400000000000	-0.57530264305341	0.79715810465874
23.410000000000	-0.57224629140365	0.79913683392368
23.420000000000	-0.56915273270776	0.80112226875017
23.430000000000	-0.56602136683131	0.80311429449401
23.437500000000	-0.56364766418549	0.80461256634830
23.440000000000	-0.56285158254527	0.80511278981111
23.450000000000	-0.55964275767020	0.80711762665504
23.460000000000	-0.55639426018432	0.80912867031086
23.470000000000	-0.55310545239036	0.81114577707542
23.480000000000	-0.54977569109522	0.81316877537735
23.490000000000	-0.54640426996491	0.81519746877232
23.500000000000	-0.54299047097811	0.81723173581426
23.510000000000	-0.53953363347726	0.81927141605430
23.515625000000	-0.53756998826493	0.82042103923532
23.520000000000	-0.53603305954569	0.82131630719318
23.530000000000	-0.53248802581472	0.82336620342013
23.540000000000	-0.52889779463896	0.82542089260028
23.550000000000	-0.52526161510192	0.82748015306927
23.560000000000	-0.52157872263726	0.82954375229450
23.570000000000	-0.51784833862837	0.83161144615218
23.580000000000	-0.51406967008899	0.83368297839079
23.590000000000	-0.51024190942292	0.83575808016318
23.593750000000	-0.50879367524011	0.83653710649212
23.600000000000	-0.50636423430309	0.83783646959848
23.610000000000	-0.50243580782747	0.83991785137234
23.620000000000	-0.49845577937570	0.84200191595324
23.630000000000	-0.49442328664647	0.84408833667306
23.640000000000	-0.49033745379028	0.84617675914382
23.650000000000	-0.48619736306835	0.84826679834901
23.660000000000	-0.48200205539198	0.85035809605759
23.670000000000	-0.47775060637000	0.85245029740210
23.671875000000	-0.47694713472288	0.85284265301795
23.680000000000	-0.47344208621910	0.85454299167037
23.690000000000	-0.46907553066565	0.85663574088951
23.700000000000	-0.46464995151468	0.85872809149032
23.710000000000	-0.46016434134370	0.86081957212866
23.720000000000	-0.45561767330189	0.86290969147881
23.730000000000	-0.45100889801901	0.86499793739304
23.740000000000	-0.44633693095074	0.86708377989930
23.750000000000	-0.44160055719665	0.86916672993575
23.760000000000	-0.43680041589307	0.87124670351469
23.770000000000	-0.43193195454842	0.87332111157528
23.780000000000	-0.42699635128809	0.87539139824082
23.790000000000	-0.42199208656751	0.87745623928470
23.800000000000	-0.41691793320815	0.87951491668081
23.810000000000	-0.41177268313833	0.88156670065925
23.820000000000	-0.40655511657466	0.88361083255517
23.828125000000	-0.40226174157799	0.88526551044663
23.830000000000	-0.40126399622792	0.88564652153837
23.840000000000	-0.39589806561127	0.88767294286672
23.850000000000	-0.39045604838879	0.88968923640176
23.860000000000	-0.38493664807451	0.89169450515643
23.870000000000	-0.37933854788238	0.89368781381553
23.880000000000	-0.37366041066075	0.89566818720798
23.890000000000	-0.36790087889107	0.89763460872021
23.900000000000	-0.36205857475403	0.89958601864349
23.906250000000	-0.35836448149345	0.90079753791335
23.910000000000	-0.35613210029235	0.90152131245378
23.920000000000	-0.35012003774707	0.90343933905600
23.930000000000	-0.34402095022166	0.90533889918148
23.940000000000	-0.33783338268236	0.90721874472473
23.950000000000	-0.33155586111623	0.90907758064305
23.960000000000	-0.32518688267243	0.91091406400447
23.970000000000	-0.31872491234494	0.91272678153172
23.980000000000	-0.31216841308974	0.91451424560415
23.984375000000	-0.30926982662535	0.91528792961184
23.990000000000	-0.30551584307492	0.91627492095863
24.000000000000	-0.29876563726091	0.91800721832415
24.010000000000	-0.29191620898963	0.91970948286479
24.020000000000	-0.28496595404828	0.92137999063696
24.030000000000	-0.27791325256308	0.92301694669326
24.040000000000	-0.27075647008510	0.92461848290635
24.050000000000	-0.26349395855802	0.92618265547391
24.060000000000	-0.25612405735405	0.92770744222216
24.062500000000	-0.25426460670595	0.92808224021113
24.070000000000	-0.24864509442243	0.92919073977199
24.080000000000	-0.24105538756304	0.93063036059571
24.090000000000	-0.23335324583223	0.93202402997577
24.100000000000	-0.22553697108739	0.93336938287076
24.110000000000	-0.21760485967816	0.93466396069065
24.120000000000	-0.20955520429270	0.93590520798282
24.130000000000	-0.20138629596872	0.93709046902966
24.140000000000	-0.19309642627894	0.93821698435908
24.140625000000	-0.19257425417204	0.93828537617099
24.150000000000	-0.18468388970197	0.93928188716906
24.160000000000	-0.17614698618942	0.94028219966834
24.170000000000	-0.16748402394070	0.94121482933538
24.180000000000	-0.15869332239695	0.94207656509892
24.190000000000	-0.14977321546546	0.94286407344433
24.200000000000	-0.14072205498569	0.94357389445163
24.210000000000	-0.13153821444709	0.94420243777427
24.218750000000	-0.12339225565080	0.94468281524364
24.220000000000	-0.12222009296923	0.94474597857193
24.230000000000	-0.11276611955610	0.94520065341845
24.240000000000	-0.10317475764396	0.94556245621585
24.250000000000	-0.093444509981650	0.94582723415295
24.260000000000	-0.083573923918347	0.94599068373634
24.270000000000	-0.073561597213911	0.94604834685599
24.280000000000	-0.063406184464274	0.94599560669579
24.290000000000	-0.053106404035555	0.94582768311141
24.296875000000	-0.045940928152828	0.94564285553517
24.300000000000	-0.042661045058912	0.94553962708380
24.310000000000	-0.032068974089112	0.94512631412019
24.320000000000	-0.021329142458161	0.94458243666040
24.330000000000	-0.010440598639811	0.94390249650382
24.340000000000	0.00059748963510674	0.94308080572314
24.350000000000	0.011785821240266	0.94211151120982
24.360000000000	0.023124991425844	0.94098860892088
24.370000000000	0.034615508177162	0.93970589533409
24.375000000000	0.040417644361965	0.93900260682917
24.380000000000	0.046257743481739	0.93825693493330
24.390000000000	0.058051896895128	0.93663507812079
24.400000000000	0.069997988864964	0.93483347519870
24.410000000000	0.082095855733216	0.93284507638943
24.420000000000	0.094345139394431	0.93066262842667
24.430000000000	0.10674527383032	0.92827867192526
24.440000000000	0.11929547018553	0.92568553998107
24.450000000000	0.13199470097272	0.92287535779775
24.453125000000	0.13599357877440	0.92195139158478
24.460000000000	0.14484168356121	0.91984004319851
24.470000000000	0.15783486297509	0.91657130798594
24.480000000000	0.17097239399532	0.91306066017786
24.490000000000	0.18425212255285	0.90929940718412
24.500000000000	0.19767156638848	0.90527866001819
24.510000000000	0.21122789491082	0.90098933867347
24.520000000000	0.22491790801058	0.89642217886200
24.530000000000	0.23873801283495	0.89156774041438
24.531250000000	0.24047447790152	0.89094025963857
24.540000000000	0.25268419342093	0.88641641681839
24.550000000000	0.26675194425298	0.88095841777541
24.560000000000	0.28093648308425	0.87518346502179
24.570000000000	0.29523286425215	0.86908219102500
24.580000000000	0.30963454560520	0.86264423850836
24.590000000000	0.32413531461714	0.85585918847876
24.600000000000	0.33872826033656	0.84871671904325
24.609375000000	0.35248618459790	0.84168680425078
24.610000000000	0.35340586449149	0.84120643877148
24.620000000000	0.36816000473692	0.83331791661112
24.630000000000	0.38298193521351	0.82504071157316
24.640000000000	0.39786226431570	0.81636440267191
24.650000000000	0.41279093244455	0.80727862069342
24.660000000000	0.42775719042441	0.79777308235316
24.670000000000	0.44274957891909	0.78783762707911
24.680000000000	0.45775590912144	0.77746225654341
24.687500000000	0.46901205273560	0.76938613375970
24.690000000000	0.47276324498747	0.76663717701557
24.700000000000	0.48775788729784	0.75535284457795
24.710000000000	0.50272535984533	0.74360001321694
24.720000000000	0.51765039806309	0.73136978577650
24.730000000000	0.53251694042365	0.71865366773116
24.740000000000	0.54730812295258	0.70544362370388
24.750000000000	0.56200627721130	0.69173213661925
24.760000000000	0.57659293211163	0.67751226934401
24.770000000000	0.59104881992612	0.66277772862561
24.780000000000	0.60535388685362	0.64752293109687
24.790000000000	0.61948730848232	0.63174307107390
24.800000000000	0.63342751046000	0.61543418984963
24.810000000000	0.64715219463898	0.59859324620539
24.820000000000	0.66063837096771	0.58121818799282
24.830000000000	0.67386239569173	0.56330802490360
24.840000000000	0.68680001751090	0.54486290247486
24.843750000000	0.69157274151138	0.53780829875984
24.850000000000	0.69942643477232	0.52588417503458
24.860000000000	0.71171636324661	0.50637447017343
24.870000000000	0.72364410270327	0.48633774177527
24.880000000000	0.73518359622213	0.46577932769516
24.890000000000	0.74630850144323	0.44470602033432
24.900000000000	0.75699228349443	0.42312613190920
24.910000000000	0.76720831730725	0.40104954468185
24.920000000000	0.77692999206598	0.37848775129580
24.921875000000	0.77869561655739	0.37420443693881
24.930000000000	0.78613081882455	0.35545388872456
24.940000000000	0.79478454223753	0.33196276523110
24.950000000000	0.80286525397601	0.30803087896582
24.960000000000	0.81034749692398	0.28367643142376
24.970000000000	0.81720632958947	0.25891939300339
24.980000000000	0.82341771054096	0.23378190868074
24.990000000000	0.82895954969813	0.20828683210462
25.000000000000	0.83380867897273	0.18245830731166
25.010000000000	0.83794386452032	0.15632344990638
25.020000000000	0.84134547966139	0.12991040333935
25.030000000000	0.84399519761475	0.10324868326906
25.040000000000	0.84587618449740	0.076369187732222
25.050000000000	0.84697324296183	0.049304107362150
25.060000000000	0.84727293210842	0.022086817361329
25.070000000000	0.84676367478124	-0.0052482416404806
25.077500000000	0.84584499934053	-0.025805571828763
25.080000000000	0.84543585412347	-0.032665692935391
25.090000000000	0.84328189906676	-0.060129362615850
25.100000000000	0.84029635791748	-0.087602427086017
25.110000000000	0.83647595913194	-0.11504756810873
25.120000000000	0.83181965844215	-0.14242713413077
25.130000000000	0.82632867162011	-0.16970330650158
25.140000000000	0.82000649232475	-0.19683826909968
25.150000000000	0.81285889465045	-0.22379437980664
25.155000000000	0.80897798901498	-0.23719369239661
25.160000000000	0.80489392018232	-0.25053434221946
25.170000000000	0.79612184955707	-0.27702137597042
25.180000000000	0.78655515872417	-0.30321938402816
25.190000000000	0.77620846029662	-0.32909311538500
25.200000000000	0.76509843056913	-0.35460832159393
25.210000000000	0.75324372296089	-0.37973190570076
25.220000000000	0.74066486880597	-0.40443206222318
25.230000000000	0.72738416656497	-0.42867840695458
25.240000000000	0.71342556066339	-0.45244209551506
25.250000000000	0.69881451127609	-0.47569592973049
25.260000000000	0.68357785647833	-0.49841445108853
25.270000000000	0.66774366829380	-0.52057402069123
25.280000000000	0.65134110440074	-0.54215288527339
25.290000000000	0.63440025829229	-0.56313122884212
25.300000000000	0.61695202000265	-0.58349120740423
25.310000000000	0.59902849382459	-0.60321640516890
25.320000000000	0.58065939030952	-0.62229476600820
25.330000000000	0.56187958579381	-0.64071267349748
25.340000000000	0.54272051162064	-0.65846089539498
25.350000000000	0.52321469257046	-0.67553156666547
25.360000000000	0.50339452113744	-0.69191874570881
25.370000000000	0.48329215155031	-0.70761836770229
25.380000000000	0.46293938073316	-0.72262818671948
25.390000000000	0.44236753498581	-0.73694770952047
25.400000000000	0.42160736473803	-0.75057812212461
25.410000000000	0.40068894810354	-0.76352221021377
25.420000000000	0.37964160357304	-0.77578427440396
25.430000000000	0.35849381200386	-0.78737004140331
25.440000000000	0.33727314793627	-0.79828657204211
25.450000000000	0.31600622016096	-0.80854216711757
25.460000000000	0.29471862137469	-0.81814627194539
25.470000000000	0.27343488668640	-0.82710938045752
25.480000000000	0.25217846067120	-0.83544293963774
25.490000000000	0.23097167259678	-0.84315925504551
25.500000000000	0.20983571935198	-0.85027139812305
25.510000000000	0.18879065550236	-0.85679311586821
25.520000000000	0.16785538986301	-0.86273874327104
25.530000000000	0.14704768807960	-0.86812311875656
25.540000000000	0.12638418085547	-0.87296150288350
25.550000000000	0.10588037746560	-0.87726950066671
25.560000000000	0.085550684051717	-0.88106298791526
25.570000000000	0.065408426079005	-0.88435804184614
25.580000000000	0.045465874346232	-0.88717087607180
25.583750000000	0.038041231408966	-0.88810469014612
25.590000000000	0.025734274019550	-0.88951777996668
25.600000000000	0.0062238762275453	-0.89141506238422
25.610000000000	-0.013056028205249	-0.89287899968078
25.620000000000	-0.032097073284969	-0.89392578798446
25.630000000000	-0.050891781012402	-0.89457149962303
25.640000000000	-0.069433523537200	-0.89483204360123
25.650000000000	-0.087716484629029	-0.89472312999527
25.660000000000	-0.10573562076385	-0.89426023811396
25.670000000000	-0.12348662209541	-0.89345858826123
25.680000000000	-0.14096587355372	-0.89233311692398
25.690000000000	-0.15817041628498	-0.89089845520113
25.700000000000	-0.17509790962151	-0.88916891028506
25.710000000000	-0.19174659374533	-0.88715844980425
25.720000000000	-0.20811525318585	-0.88488068883534
25.720625000000	-0.20912897796707	-0.88472975804067
25.730000000000	-0.22420318127011	-0.88234887939475
25.740000000000	-0.24001014562430	-0.87957590222272
25.750000000000	-0.25553635480600	-0.87657426067718
25.760000000000	-0.27078242612952	-0.87335607655983
25.770000000000	-0.28574935473074	-0.86993308770293
25.780000000000	-0.30043848390202	-0.86631664715120
25.790000000000	-0.31485147671266	-0.86251772377944
25.800000000000	-0.32899028891174	-0.85854690419180
25.810000000000	-0.34285714308495	-0.85441439575349
25.820000000000	-0.35645450398868	-0.85013003061221
25.830000000000	-0.36978505487595	-0.84570327059235
25.840000000000	-0.38285167434862	-0.84114321298460
25.850000000000	-0.39565741256573	-0.83645859801803
25.857500000000	-0.40509243038894	-0.83286845951637
25.860000000000	-0.40820546480517	-0.83165782288740
25.870000000000	-0.42049915234895	-0.82674898331984
25.880000000000	-0.43254201616269	-0.82173992589701
25.890000000000	-0.44433788643420	-0.81663794636704
25.900000000000	-0.45589031702829	-0.81144986442366
25.910000000000	-0.46720290469243	-0.80618251741457
25.920000000000	-0.47827947403676	-0.80084244104495
25.930000000000	-0.48912391773617	-0.79543582542053
25.940000000000	-0.49974016006869	-0.78996856305080
25.950000000000	-0.51013215028456	-0.78444627061284
25.960000000000	-0.52030385620444	-0.77887430095822
25.970000000000	-0.53025925692970	-0.77325775278245
25.980000000000	-0.54000233546183	-0.76760147969731
25.990000000000	-0.54953707164061	-0.76191009908441
25.994375000000	-0.55364401964916	-0.75941020993521
26.000000000000	-0.55886743555597	-0.75618800080098
26.010000000000	-0.56799738147978	-0.75043935573921
26.020000000000	-0.57693084231899	-0.74466812422550
26.030000000000	-0.58567172457314	-0.73887806424517
26.040000000000	-0.59422390377160	-0.73307273948000
26.050000000000	-0.60259122036320	-0.72725552714829
26.060000000000	-0.61077747603031	-0.72142962563981
26.070000000000	-0.61878643039954	-0.71559806193935
26.080000000000	-0.62662179812243	-0.70976369883488
26.090000000000	-0.63428724630027	-0.70392924190752
26.100000000000	-0.64178639222858	-0.69809724630182
26.110000000000	-0.64912280143802	-0.69227012327605
26.120000000000	-0.65629998600949	-0.68645014653314
26.130000000000	-0.66332140314295	-0.68063945833370
26.131250000000	-0.66418829789653	-0.67991387718000
26.140000000000	-0.67019045395999	-0.67484007539339
26.150000000000	-0.67691048252201	-0.66905389456739
26.160000000000	-0.68348477504644	-0.66328269832533
26.170000000000	-0.68991655930497	-0.65752816002059
26.180000000000	-0.69620900418836	-0.65179184895796
26.190000000000	-0.70236521942379	-0.64607523526431
26.200000000000	-0.70838825543123	-0.64037969456696
26.210000000000	-0.71428110330661	-0.63470651248460
26.220000000000	-0.72004669492006	-0.62905688893596
26.230000000000	-0.72568790311850	-0.62343194227127
26.240000000000	-0.73120754202250	-0.61783271323184
26.250000000000	-0.73660836740814	-0.61226016874283
26.260000000000	-0.74189307716504	-0.60671520554450
26.268125000000	-0.74610322925884	-0.60223080687786
26.270000000000	-0.74706431182274	-0.60119865366686
26.280000000000	-0.75212465513772	-0.59571127975252
26.290000000000	-0.75707663473432	-0.59025379023203
26.300000000000	-0.76192272279302	-0.58482683435526
26.310000000000	-0.76666533678030	-0.57943100708075
26.320000000000	-0.77130684021495	-0.57406685182201
26.330000000000	-0.77584954346674	-0.56873486304292
26.340000000000	-0.78029570458695	-0.56343548867851
26.350000000000	-0.78464753018099	-0.55816913231580
26.360000000000	-0.78890717637809	-0.55293615494661
26.370000000000	-0.79307675017161	-0.54773687568243
26.380000000000	-0.79715831280637	-0.54257156909243
26.390000000000	-0.80115390046367	-0.53744044908271
26.400000000000	-0.80506576164597	-0.53234372529967
26.405000000000	-0.80699087617636	-0.52980879839675
26.410000000000	-0.80889519816888	-0.52728246921257
26.420000000000	-0.81264407259389	-0.52225536346022
26.430000000000	-0.81631470346052	-0.51726316436466
26.440000000000	-0.81990873105553	-0.51230602237558
26.450000000000	-0.82342786883422	-0.50738400605653
26.460000000000	-0.82687380877522	-0.50249716412872
26.470000000000	-0.83024820708288	-0.49764552538967
26.480000000000	-0.83355268179956	-0.49282909873443
26.490000000000	-0.83678881273112	-0.48804787382912
26.500000000000	-0.83995814197565	-0.48330182203038
26.510000000000	-0.84306217464188	-0.47859089737658
26.520000000000	-0.84610237963256	-0.47391503758232
26.530000000000	-0.84908019044845	-0.46927416500904
26.540000000000	-0.85199700599521	-0.46466818760022
26.541875000000	-0.85253722978552	-0.46380844329261
26.550000000000	-0.85485419138501	-0.46009699977710
26.560000000000	-0.85765307872897	-0.45556048329360
26.570000000000	-0.86039496791823	-0.45105850805072
26.580000000000	-0.86308112739250	-0.44659093287148
26.590000000000	-0.86571279489533	-0.44215760623758
26.600000000000	-0.86829117821551	-0.43775836698942
26.610000000000	-0.87081745591456	-0.43339304499084
26.620000000000	-0.87329277803985	-0.42906146176021
26.630000000000	-0.87571826682336	-0.42476343106939
26.640000000000	-0.87809501736611	-0.42049875951190
26.650000000000	-0.88042409830807	-0.41626724704193
26.660000000000	-0.88270655248379	-0.41206868748533
26.670000000000	-0.88494339756359	-0.40790286902403
26.678750000000	-0.88686400462254	-0.40428446532603
26.680000000000	-0.88713562668061	-0.40376957465512
26.690000000000	-0.88928420904370	-0.39966858262574
26.700000000000	-0.89139009053634	-0.39559966684505
26.710000000000	-0.89345419430166	-0.39156259727417
26.720000000000	-0.89547742131383	-0.38755714029540
26.730000000000	-0.89746065093586	-0.38358305906151
26.740000000000	-0.89940474146413	-0.37964011382617
26.750000000000	-0.90131053065966	-0.37572806225638
26.760000000000	-0.90317883626655	-0.37184665972781
26.770000000000	-0.90501045651752	-0.36799565960386
26.780000000000	-0.90680617062698	-0.36417481349922
26.790000000000	-0.90856673927181	-0.36038387152866
26.800000000000	-0.91029290506002	-0.35662258254179
26.810000000000	-0.91198539298766	-0.35289069434431
26.815625000000	-0.91292288399320	-0.35080433255162
26.820000000000	-0.91364491088433	-0.34918795390634
26.830000000000	-0.91527214984766	-0.34551410755836
26.840000000000	-0.91686778466744	-0.34186890117478
26.850000000000	-0.91843247424021	-0.33825208034567
26.860000000000	-0.91996686197585	-0.33466339053643
26.870000000000	-0.92147157619832	-0.33110257723576
26.880000000000	-0.92294723054457	-0.32756938609315
26.890000000000	-0.92439442436712	-0.32406356304960
26.900000000000	-0.92581374314727	-0.32058485447250
26.910000000000	-0.92720575892036	-0.31713300731831
26.920000000000	-0.92857103068966	-0.31370776936287
26.930000000000	-0.92991010474522	-0.31030888952806
26.940000000000	-0.93122351474177	-0.30693611822699
26.950000000000	-0.93251178149735	-0.30358920743930
26.952500000000	-0.93282997935112	-0.30275649149807
26.960000000000	-0.93377541288441	-0.30026791023842
26.970000000000	-0.93501490438244	-0.29697198008866
26.980000000000	-0.93623074017351	-0.29370117068827
26.990000000000	-0.93742339399378	-0.29045523650205
27.000000000000	-0.93859332939366	-0.28723393338750
27.010000000000	-0.93974099971232	-0.28403701890704
27.020000000000	-0.94086684809089	-0.28086425237743
27.030000000000	-0.94197130760628	-0.27771539482839
27.040000000000	-0.94305480148494	-0.27459020896508
27.050000000000	-0.94411774334824	-0.27148845915685
27.060000000000	-0.94516053746259	-0.26840991144714
27.070000000000	-0.94618357898353	-0.26535433357538
27.080000000000	-0.94718725419112	-0.26232149500397
27.089375000000	-0.94811094709031	-0.25949865726635
27.090000000000	-0.94817194071644	-0.25931116694623
27.100000000000	-0.94913800775991	-0.25632312239348
27.110000000000	-0.95008581630256	-0.25335713614006
27.120000000000	-0.95101571931049	-0.25041298480591
27.130000000000	-0.95192806193344	-0.24749044685672
27.140000000000	-0.95282318169755	-0.24458930262159
27.150000000000	-0.95370140869284	-0.24170933430823
27.160000000000	-0.95456306575542	-0.23885032601609
27.170000000000	-0.95540846864489	-0.23601206374717
27.180000000000	-0.95623792621688	-0.23319433541506
27.190000000000	-0.95705174059101	-0.23039693085195
27.200000000000	-0.95785020731435	-0.22761964181406
27.210000000000	-0.95863361552061	-0.22486226198534
27.220000000000	-0.95940224808505	-0.22212458697974
27.226250000000	-0.95987526340999	-0.22042345641817
27.230000000000	-0.96015638177534	-0.21940641434203
27.240000000000	-0.96089628739847	-0.21670754354732
27.250000000000	-0.96162222994377	-0.21402777599932
27.260000000000	-0.96233446872220	-0.21136691502753
27.270000000000	-0.96303325750204	-0.20872476588325
27.280000000000	-0.96371884464099	-0.20610113573472
27.290000000000	-0.96439147321487	-0.20349583366125
27.300000000000	-0.96505138114301	-0.20090867064664
27.310000000000	-0.96569880131035	-0.19833945957174
27.320000000000	-0.96633396168651	-0.19578801520641
27.330000000000	-0.96695708544169	-0.19325415420094
27.340000000000	-0.96756839105977	-0.19073769507704
27.350000000000	-0.96816809244847	-0.18823845821860
27.360000000000	-0.96875639904694	-0.18575626586241
27.363125000000	-0.96893794057200	-0.18498404834622
27.370000000000	-0.96933351593066	-0.18329094208925
27.380000000000	-0.96989964391402	-0.18084231281593
27.390000000000	-0.97045497965071	-0.17841020578910
27.400000000000	-0.97099971573232	-0.17599445058269
27.410000000000	-0.97153404078550	-0.17359487860186
27.420000000000	-0.97205813956874	-0.17121132309980
27.430000000000	-0.97257219306994	-0.16884361922022
27.440000000000	-0.97307637860694	-0.16649160409588
27.450000000000	-0.97357086993390	-0.16415511708054
27.460000000000	-0.97405583734970	-0.16183400034306
27.470000000000	-0.97453144773696	-0.15952810063646
27.480000000000	-0.97499786374465	-0.15723727605793
27.490000000000	-0.97545522868133	-0.15496143598639
27.500000000000	-0.97590285705032	-0.15270052390281
27.510000000000	-0.97634325777515	-0.15045297119694
27.520000000000	-0.97677459143737	-0.14822088461050
27.530000000000	-0.97719739696697	-0.14600301494564
27.540000000000	-0.97761190041952	-0.14379926575888
27.550000000000	-0.97801825614191	-0.14160950531835
27.560000000000	-0.97841660655357	-0.13943359466050
27.570000000000	-0.97880708907076	-0.13727139362184
27.580000000000	-0.97918983765165	-0.13512276249103
27.590000000000	-0.97956498330218	-0.13298756257300
27.600000000000	-0.97993265429904	-0.13086565641023
27.610000000000	-0.98029297631645	-0.12875690787603
27.620000000000	-0.98064607251425	-0.12666118221395
27.630000000000	-0.98099206360816	-0.12457834605207
27.640000000000	-0.98133106793080	-0.12250826740533
27.645000000000	-0.98149798639389	-0.12147797128320
27.650000000000	-0.98166320148699	-0.12045081567194
27.660000000000	-0.98198857800540	-0.11840586162760
27.670000000000	-0.98230730898719	-0.11637327742023
27.680000000000	-0.98261950375207	-0.11435293656784
27.690000000000	-0.98292526948190	-0.11234471396358
27.700000000000	-0.98322471126164	-0.11034848589454
27.710000000000	-0.98351793211783	-0.10836413008744
27.720000000000	-0.98380503305611	-0.10639152580813
27.730000000000	-0.98408611310525	-0.10443055407751
27.740000000000	-0.98436126940224	-0.10248109816067
27.750000000000	-0.98463059747608	-0.10054304477585
27.760000000000	-0.98489419256673	-0.098616287480887
27.770000000000	-0.98515215765372	-0.096700737641091
27.780000000000	-0.98540467289819	-0.094796353803479
27.790000000000	-0.98565230182497	-0.092902633628040
27.800000000000	-0.98589364687735	-0.091019124643313
27.810000000000	-0.98612967457070	-0.089146976017242
27.820000000000	-0.98636065111347	-0.087285471777224
27.830000000000	-0.98658655149319	-0.085434449045230
27.840000000000	-0.98680742644204	-0.083593801435180
27.850000000000	-0.98702334484331	-0.081763425373945
27.860000000000	-0.98723437999671	-0.079943217322127
27.870000000000	-0.98744060592529	-0.078133074035415
27.880000000000	-0.98764209616309	-0.076332892850518
27.890000000000	-0.98783892329699	-0.074542571845273
27.900000000000	-0.98803115877946	-0.072762009919393
27.910000000000	-0.98821887285173	-0.070991106832256
27.911250000000	-0.98824202264932	-0.070770418125003
27.920000000000	-0.98840213451674	-0.069229763217715
27.930000000000	-0.98858101153612	-0.067477880586392
27.940000000000	-0.98875557043927	-0.065735361321026
27.950000000000	-0.98892587653896	-0.064002108667847
27.960000000000	-0.98909199395010	-0.062278026725620
27.970000000000	-0.98925398561018	-0.060563020433269
27.980000000000	-0.98941191330039	-0.058856995556585
27.990000000000	-0.98956583766693	-0.057159858674295
28.000000000000	-0.98971581824210	-0.055471517163673
28.010000000000	-0.98986191346515	-0.053791879185787
28.020000000000	-0.99000418070269	-0.052120853670431
28.030000000000	-0.99014267626869	-0.050458350300794
28.032500000000	-0.99017671733716	-0.050044045530130
28.040000000000	-0.99027745544394	-0.048804279497892
28.050000000000	-0.99040857249515	-0.047158552404774
28.060000000000	-0.99053608069349	-0.045521080870528
28.070000000000	-0.99066003233271	-0.043891777434080
28.080000000000	-0.99078047874680	-0.042270555307817
28.090000000000	-0.99089747032720	-0.040657328361006
28.100000000000	-0.99101105653956	-0.039052011103036
28.110000000000	-0.99112128594007	-0.037454518666461
28.120000000000	-0.99122820619130	-0.035864766789848
28.130000000000	-0.99133186407765	-0.034282671800411
28.140000000000	-0.99143230552027	-0.032708150596419
28.150000000000	-0.99152957559154	-0.031141120629364
28.153750000000	-0.99156524330437	-0.030555398970509
28.160000000000	-0.99162371852900	-0.029581499885851
28.170000000000	-0.99171477774874	-0.028029206869185
28.180000000000	-0.99180279585806	-0.026484160580594
28.190000000000	-0.99188781466747	-0.024946280500025
28.200000000000	-0.99196987520166	-0.023415486566408
28.210000000000	-0.99204901770914	-0.021891699157212
28.220000000000	-0.99212528167026	-0.020374839067041
28.230000000000	-0.99219870580252	-0.018864827484814
28.240000000000	-0.99226932806197	-0.017361585968730
28.250000000000	-0.99233718563798	-0.015865036417514
28.260000000000	-0.99240231493679	-0.014375101034997
28.270000000000	-0.99246475154436	-0.012891702281680
28.275000000000	-0.99249497096754	-0.012152429962404
28.280000000000	-0.99252453014868	-0.011414762798826
28.290000000000	-0.99258168437678	-0.0099442052683995
28.300000000000	-0.99263624643429	-0.0084799521040032
28.310000000000	-0.99268824623579	-0.0070219246208618
28.320000000000	-0.99273770904179	-0.0055700402090376
28.330000000000	-0.99278464837716	-0.0041241989050125
28.340000000000	-0.99282906698818	-0.0026841774383169
28.350000000000	-0.99287203141885	-0.0012498914807435
28.360000000000	-0.99291169440088	0.00017739840140189
28.370000000000	-0.99294889832214	0.0015995431381469
28.380000000000	-0.99298385309670	0.0030160524126483
28.390000000000	-0.99301652970511	0.0044269472834158
28.396250000000	-0.99303579960104	0.0053059349606915
28.400000000000	-0.99304693816338	0.0058322948155429
28.410000000000	-0.99307509887317	0.0072321684068645
28.420000000000	-0.99310103535318	0.0086266428911967
28.430000000000	-0.99312477205083	0.010015793588947
28.440000000000	-0.99314633354523	0.011399696081569
28.450000000000	-0.99316574421272	0.012778426164505
28.460000000000	-0.99318302807083	0.014152059854340
28.470000000000	-0.99319820869942	0.015520673415570
28.480000000000	-0.99321130919819	0.016884343395907
28.490000000000	-0.99322235216269	0.018243146666200
28.500000000000	-0.99323135967014	0.019597160463474
28.510000000000	-0.99323835327074	0.020946462436526
28.517500000000	-0.99324228950840	0.021955393750140
28.520000000000	-0.99324335398216	0.022291130693880
28.530000000000	-0.99324638228587	0.023631243854034
28.540000000000	-0.99324745812449	0.024966881098045
28.550000000000	-0.99324660089975	0.026298122224510
28.560000000000	-0.99324382947062	0.027625047707054
28.570000000000	-0.99323916215140	0.028947738754443
28.580000000000	-0.99323261670962	0.030266277373481
28.590000000000	-0.99322421036349	0.031580746434884
28.600000000000	-0.99321395977876	0.032891229742334
28.610000000000	-0.99320188106489	0.034197812104972
28.620000000000	-0.99318798977030	0.035500579413618
28.630000000000	-0.99317230087652	0.036799618721055
28.638750000000	-0.99315710984195	0.037933289371884
28.640000000000	-0.99315482879118	0.038095018326777
28.650000000000	-0.99313558733939	0.039386867866654
28.660000000000	-0.99311458975349	0.040675258408127
28.670000000000	-0.99309184866072	0.041960282551654
28.680000000000	-0.99306737606859	0.043242034539409
28.690000000000	-0.99304118334758	0.044520610372623
28.700000000000	-0.99301328121095	0.045796107939509
28.710000000000	-0.99298367969206	0.047068627156649
28.720000000000	-0.99295238812027	0.048338270127944
28.730000000000	-0.99291941509915	0.049605141326822
28.740000000000	-0.99288476849530	0.050869347808756
28.750000000000	-0.99284845545532	0.052130999460176
28.760000000000	-0.99281048248278	0.053390209281353
28.770000000000	-0.99277085562410	0.054647093673281
28.780000000000	-0.99272958081073	0.055901772636528
28.790000000000	-0.99268666432931	0.057154369697274
28.800000000000	-0.99264211316738	0.058405011346879
28.810000000000	-0.99259593467686	0.059653826058813
28.820000000000	-0.99254813509618	0.060900943642442
28.830000000000	-0.99249871749300	0.062146496079880
28.840000000000	-0.99244768075885	0.063390619922470
28.850000000000	-0.99239502054622	0.064633458648162
28.860000000000	-0.99234073112332	0.065875163519083
28.870000000000	-0.99228480664450	0.067115893149716
28.880000000000	-0.99222724140967	0.068355812837227
28.890000000000	-0.99216802953151	0.069595094288851
28.900000000000	-0.99210716447450	0.070833915798305
28.910000000000	-0.99204463867699	0.072072462704967
28.920000000000	-0.99198044328815	0.073310927990610
28.930000000000	-0.99191456798812	0.074549512939136
28.940000000000	-0.99184700085468	0.075788427833986
28.950000000000	-0.99177772825000	0.077027892691595
28.960000000000	-0.99170673471184	0.078268138038226
28.970000000000	-0.99163400284018	0.079509405740083
28.980000000000	-0.99155951317433	0.080751949897041
28.990000000000	-0.99148324405733	0.081996037810307
29.000000000000	-0.99140517148543	0.083241951034520
29.010000000000	-0.99132526894069	0.084489986525392
29.020000000000	-0.99124350720464	0.085740457894929
29.030000000000	-0.99115985415113	0.086993696787631
29.040000000000	-0.99107427451638	0.088250054392774
29.050000000000	-0.99098672964418	0.089509903110008
29.060000000000	-0.99089717720482	0.090773638388000
29.070000000000	-0.99080557088707	0.092041680758984
29.080000000000	-0.99071186006370	0.093314478095880
29.090000000000	-0.99061598943398	0.094592508124012
29.100000000000	-0.99051789865130	0.095876281227471
29.110000000000	-0.99041752195320	0.097166343604534
29.120000000000	-0.99031478782930	0.098463280855839
29.130000000000	-0.99020961879762	0.099767722157947
29.140000000000	-0.99010193142278	0.10108034535825
29.150000000000	-0.98999163677591	0.10240188387380
29.160000000000	-0.98987864120928	0.10373313806833
29.170000000000	-0.98976284307306	0.10507499969749
29.180000000000	-0.98964408578621	0.10642850715956
29.190000000000	-0.98952189529842	0.10779478108768
29.200000000000	-0.98939579210602	0.10917418345479
29.210000000000	-0.98926659333966	0.11056768786290
29.220000000000	-0.98913412469231	0.11197728078098
29.230000000000	-0.98899789374806	0.11340442520322
29.240000000000	-0.98885759095940	0.11485060432575
29.250000000000	-0.98871294311790	0.11631748268303
29.260000000000	-0.98856366026183	0.11780691693514
29.270000000000	-0.98840942086003	0.11932096907079
29.280000000000	-0.98824986463627	0.12086192884011
29.290000000000	-0.98808458630102	0.12243234329101
29.300000000000	-0.98791312859091	0.12403505286140
29.310000000000	-0.98773497405411	0.12567323456797
29.320000000000	-0.98754953520394	0.12735045346604
29.325000000000	-0.98745387854731	0.12820493692059
29.330000000000	-0.98735614263885	0.12907072405854
29.340000000000	-0.98715403063290	0.13083858385922
29.350000000000	-0.98694231955936	0.13265918195315
29.360000000000	-0.98671999431807	0.13453838621367
29.370000000000	-0.98648587767751	0.13648291390812
29.380000000000	-0.98623859708917	0.13850049185667
29.390000000000	-0.98597654304494	0.14060005424238
29.400000000000	-0.98569781637062	0.14279198881239
29.410000000000	-0.98540016089261	0.14508844586080
29.420000000000	-0.98508087654787	0.14750372949051
29.430000000000	-0.98473670602465	0.15005479789130
29.440000000000	-0.98436368510029	0.15276190977920
29.450000000000	-0.98395694246437	0.15564946934078
29.460000000000	-0.98351042813160	0.15874714459102
29.470000000000	-0.98301653913456	0.16209136817980
29.480000000000	-0.98246559459356	0.16572738234072
29.490000000000	-0.98184508516003	0.16971207275809
29.500000000000	-0.98113857633324	0.17411797048513
29.510000000000	-0.98032406637747	0.17903902438346
29.520000000000	-0.97937145836329	0.18459912945789
29.530000000000	-0.97823854254794	0.19096507631001
29.540000000000	-0.97686437156646	0.19836684319454
29.545000000000	-0.97605999719321	0.20255302113964
29.550000000000	-0.97515785450540	0.20713058290392
29.560000000000	-0.97297708551088	0.21773461926697
29.570000000000	-0.97008948379315	0.23090956281879
29.580000000000	-0.96608882056282	0.24782899372267
29.590000000000	-0.96020491224518	0.27050244123281
29.600000000000	-0.95080788275519	0.30267134046770
29.610000000000	-0.93386925634643	0.35214329403747
29.620000000000	-0.89676879697503	0.43807899677109
29.630000000000	-0.77995498719641	0.61935472627416
29.640000000000	0.031248808356958	0.95875759523850
29.650000000000	-0.42992841308657	-0.83762374298832
29.660000000000	-0.91670367488161	-0.34836309093469
29.670000000000	-0.97345729118508	-0.16894775042647
29.680000000000	-0.98712374484682	-0.084531680728039
29.690000000000	-0.99146592445932	-0.035838333233733
29.700000000000	-0.99292644953691	-0.0041087510500005
29.710000000000	-0.99331069116717	0.018288815441011
29.720000000000	-0.99324896730681	0.035017778882700
29.730000000000	-0.99299419581947	0.048049832845992
29.740000000000	-0.99265756374470	0.058538655349005
29.750000000000	-0.99229085485252	0.067203654946412
29.760000000000	-0.99191890522476	0.074516476476243
29.770000000000	-0.99155361623701	0.080799087698513
29.780000000000	-0.99120043590774	0.086278733190281
29.790000000000	-0.99086151635965	0.091120356098384
29.800000000000	-0.99053731419759	0.095446567173599
29.810000000000	-0.99022742638163	0.099350400718229
29.820000000000	-0.98993103595441	0.10290372251503
29.830000000000	-0.98964715221587	0.10616292501943
29.840000000000	-0.98937473982609	0.10917287843052
29.850000000000	-0.98911278676948	0.11196973032817
29.860000000000	-0.98886033828524	0.11458292710893
29.870000000000	-0.98861651179762	0.11703669834237
29.880000000000	-0.98838050132154	0.11935116342546
29.890000000000	-0.98815157617635	0.12154316807118
29.900000000000	-0.98792907677769	0.12362692455226
29.910000000000	-0.98771240909324	0.12561450738003
29.920000000000	-0.98750103866012	0.12751624111183
29.930000000000	-0.98729448465992	0.12934100671071
29.940000000000	-0.98709231431138	0.13109648573542
29.950000000000	-0.98689413770386	0.13278935659554
29.960000000000	-0.98669960311542	0.13442545349993
29.970000000000	-0.98650839281476	0.13600989611716
29.980000000000	-0.98632021932287	0.13754719605521
29.990000000000	-0.98613482209821	0.13904134485530
30.000000000000	-0.98595196460532	0.14049588713801
