#Parameters = {C=4.48e-14; C_off=4.48e-14; C_on=0; H_add_decoupl=0.338; Hair=10; Hair_lower=10; Hpre1=0.204; Hpre1_2=0.306; Hsub1=0.508; Hsub_add1=0.168; Hsub_bottom=0.101; Hsub_top2=0.762; L=0; L1=0.02; L2_buf=0.26; L_add_cut=0.66; L_off=0; L_on=1.3e-10; L_stub_low=1.5; Ldiode=0.3302; Lline_low=1; Lp=1.52; Period_wall=0.5; Px=5; R=2.5; R_bottom_in=0.86; R_bottom_out=0.96; R_inner_bottom_ring=0.96; R_off=2.5; R_on=5.2; R_out_bottom_ring=1.11; Sigma_copper=58000000; W_ring_inner=0.15; WcircleInner_2=0.4; Wcut=0.9; Wp=1.52; X1Stub=-1.15; angle_stub=30; delta=0.3; deltaHAdd=0.101; deltaL1=0.14; deltaR2=0.15; deltaRCircle=0.2; deltaStubY=0.1; deltaStubY_top=0.3; delta_annual_ring=0.1; delta_edge=0.1; delta_via=0.9; delta_via_screen_center=0.25; h2_fr4=0.25; h2_prepreg=0.138; hSub=1.067; hfr4=0.102; l_add=0.76; phi=0; r_area=0.2; r_area_center=0.225; r_bottom_2=1.8; r_circle=0; r_out1=0; r_par=0.1; r_par_w=0.05; r_per=0.1; r_rez=0; r_road=0.05; r_shaped=1.15; r_shaped_2=1.2; r_shaped_low=1.2; r_via=0.1; r_via_center=0.125; r_via_wall=0.1; rad_circle=0.65; rez=0; roughness=0.0028; t_pog=0; th=0.018; th2=0.204; th3=0.5; th_top=0.07; theta=0; wDiode=0.3048; w_add=0.1; wstub=0.2}
#"Frequency / GHz"	"SZmax(1),Zmax(1) (theta=0) [Real/Imaginary Part] [Re]"	"SZmax(1),Zmax(1) (theta=0) [Real/Imaginary Part] [Im]"
#---------------------------------------------------------------------------------------------------------------------------------
22.000000000000	-0.77572724478859	0.058013829390794
22.007000000000	-0.77813114283608	0.065110157961596
22.014000000000	-0.78041084760746	0.072147466288057
22.021000000000	-0.78257014113095	0.079125235710134
22.028000000000	-0.78461269715494	0.086043043702668
22.035000000000	-0.78654208287083	0.092900557319055
22.042000000000	-0.78836176075642	0.099697526992996
22.049000000000	-0.79007509052074	0.10643378068327
22.056000000000	-0.79168533113291	0.11310921834653
22.063000000000	-0.79319564291947	0.11972380672340
22.070000000000	-0.79460908971580	0.12627757442352
22.077000000000	-0.79592864105907	0.13277060729528
22.084000000000	-0.79715717441105	0.13920304406675
22.091000000000	-0.79829747740070	0.14557507224442
22.098000000000	-0.79935225007708	0.15188692425671
22.105000000000	-0.80032410716477	0.15813887383010
22.112000000000	-0.80121558031413	0.16433123258564
22.119000000000	-0.80202912034037	0.17046434684446
22.126000000000	-0.80276709944546	0.17653859463109
22.133000000000	-0.80343181341821	0.18255438286409
22.140000000000	-0.80402548380795	0.18851214472373
22.147000000000	-0.80455026006837	0.19441233718704
22.154000000000	-0.80500822166805	0.20025543872098
22.161000000000	-0.80540138016516	0.20604194712481
22.168000000000	-0.80573168124391	0.21177237751336
22.175000000000	-0.80600100671100	0.21744726043300
22.182000000000	-0.80621117645032	0.22306714010287
22.189000000000	-0.80636395033481	0.22863257277401
22.196000000000	-0.80646103009455	0.23414412519954
22.203000000000	-0.80650406114025	0.23960237320939
22.210000000000	-0.80649463434176	0.24500790038343
22.217000000000	-0.80643428776139	0.25036129681702
22.224000000000	-0.80632450834171	0.25566315797360
22.231000000000	-0.80616673354824	0.26091408361901
22.238000000000	-0.80596235296694	0.26611467683252
22.245000000000	-0.80571270985692	0.27126554309000
22.252000000000	-0.80541910265890	0.27636728941478
22.259000000000	-0.80508278645981	0.28142052359195
22.266000000000	-0.80470497441419	0.28642585344224
22.273000000000	-0.80428683912306	0.29138388615174
22.280000000000	-0.80382951397102	0.29629522765397
22.287000000000	-0.80333409442228	0.30116048206095
22.294000000000	-0.80280163927655	0.30598025114022
22.301000000000	-0.80223317188551	0.31075513383486
22.308000000000	-0.80162968133086	0.31548572582368
22.315000000000	-0.80099212356479	0.32017261911914
22.322000000000	-0.80032142251377	0.32481640170038
22.329000000000	-0.79961847114664	0.32941765717920
22.336000000000	-0.79888413250780	0.33397696449672
22.343000000000	-0.79811924071663	0.33849489764879
22.350000000000	-0.79732460193387	0.34297202543815
22.357000000000	-0.79650099529604	0.34740891125160
22.364000000000	-0.79564917381865	0.35180611286048
22.371000000000	-0.79476986526928	0.35616418224285
22.378000000000	-0.79386377301135	0.36048366542593
22.385000000000	-0.79293157681936	0.36476510234737
22.392000000000	-0.79197393366672	0.36900902673405
22.399000000000	-0.79099147848675	0.37321596599716
22.406000000000	-0.78998482490782	0.37738644114247
22.413000000000	-0.78895456596355	0.38152096669458
22.420000000000	-0.78790127477859	0.38562005063437
22.427000000000	-0.78682550523108	0.38968419434835
22.434000000000	-0.78572779259234	0.39371389258939
22.441000000000	-0.78460865414460	0.39770963344771
22.448000000000	-0.78346858977754	0.40167189833154
22.455000000000	-0.78230808256425	0.40560116195656
22.462000000000	-0.78112759931745	0.40949789234359
22.469000000000	-0.77992759112642	0.41336255082376
22.476000000000	-0.77870849387554	0.41719559205061
22.483000000000	-0.77747072874486	0.42099746401856
22.490000000000	-0.77621470269342	0.42476860808728
22.497000000000	-0.77494080892593	0.42850945901130
22.504000000000	-0.77364942734326	0.43222044497464
22.511000000000	-0.77234092497747	0.43590198762978
22.518000000000	-0.77101565641181	0.43955450214077
22.525000000000	-0.76967396418616	0.44317839723002
22.532000000000	-0.76831617918862	0.44677407522840
22.539000000000	-0.76694262103351	0.45034193212836
22.546000000000	-0.76555359842637	0.45388235763982
22.553000000000	-0.76414940951642	0.45739573524835
22.560000000000	-0.76273034223689	0.46088244227568
22.567000000000	-0.76129667463367	0.46434284994200
22.574000000000	-0.75984867518264	0.46777732343000
22.581000000000	-0.75838660309614	0.47118622195037
22.588000000000	-0.75691070861900	0.47456989880861
22.595000000000	-0.75542123331430	0.47792870147291
22.602000000000	-0.75391841033954	0.48126297164291
22.609000000000	-0.75240246471321	0.48457304531931
22.616000000000	-0.75087361357244	0.48785925287405
22.623000000000	-0.74933206642172	0.49112191912098
22.630000000000	-0.74777802537333	0.49436136338687
22.637000000000	-0.74621168537944	0.49757789958270
22.644000000000	-0.74463323445647	0.50077183627502
22.651000000000	-0.74304285390185	0.50394347675745
22.658000000000	-0.74144071850334	0.50709311912197
22.665000000000	-0.73982699674149	0.51022105633022
22.672000000000	-0.73820185098507	0.51332757628447
22.679000000000	-0.73656543768010	0.51641296189837
22.686000000000	-0.73491790753244	0.51947749116730
22.693000000000	-0.73325940568435	0.52252143723829
22.700000000000	-0.73159007188502	0.52554506847957
22.707000000000	-0.72991004065559	0.52854864854946
22.714000000000	-0.72821944144850	0.53153243646481
22.721000000000	-0.72651839880167	0.53449668666874
22.728000000000	-0.72480703248751	0.53744164909785
22.735000000000	-0.72308545765701	0.54036756924863
22.742000000000	-0.72135378497909	0.54327468824326
22.749000000000	-0.71961212077532	0.54616324289464
22.756000000000	-0.71786056715027	0.54903346577065
22.763000000000	-0.71609922211752	0.55188558525763
22.770000000000	-0.71432817972158	0.55471982562315
22.777000000000	-0.71254753015585	0.55753640707783
22.784000000000	-0.71075735987667	0.56033554583643
22.791000000000	-0.70895775171371	0.56311745417811
22.798000000000	-0.70714878497682	0.56588234050575
22.805000000000	-0.70533053555931	0.56863040940454
22.812000000000	-0.70350307603798	0.57136186169959
22.819000000000	-0.70166647576995	0.57407689451277
22.826000000000	-0.69982080098630	0.57677570131863
22.833000000000	-0.69796611488277	0.57945847199943
22.840000000000	-0.69610247770752	0.58212539289936
22.847000000000	-0.69422994684616	0.58477664687783
22.854000000000	-0.69234857690401	0.58741241336191
22.861000000000	-0.69045841978575	0.59003286839793
22.868000000000	-0.68855952477264	0.59263818470213
22.875000000000	-0.68665193859721	0.59522853171054
22.882000000000	-0.68473570551560	0.59780407562796
22.889000000000	-0.68281086737775	0.60036497947607
22.896000000000	-0.68087746369526	0.60291140314072
22.903000000000	-0.67893553170720	0.60544350341836
22.910000000000	-0.67698510644386	0.60796143406166
22.917000000000	-0.67502622078855	0.61046534582428
22.924000000000	-0.67305890553746	0.61295538650480
22.931000000000	-0.67108318945770	0.61543170098993
22.938000000000	-0.66909909934352	0.61789443129675
22.945000000000	-0.66710666007089	0.62034371661436
22.952000000000	-0.66510589465031	0.62277969334455
22.959000000000	-0.66309682427812	0.62520249514183
22.966000000000	-0.66107946838618	0.62761225295263
22.973000000000	-0.65905384469010	0.63000909505374
22.980000000000	-0.65701996923598	0.63239314709004
22.987000000000	-0.65497785644580	0.63476453211141
22.994000000000	-0.65292751916141	0.63712337060904
23.001000000000	-0.65086896868725	0.63946978055085
23.008000000000	-0.64880221483175	0.64180387741638
23.015000000000	-0.64672726594759	0.64412577423082
23.022000000000	-0.64464412897074	0.64643558159847
23.029000000000	-0.64255280945834	0.64873340773543
23.036000000000	-0.64045331162547	0.65101935850168
23.043000000000	-0.63834563838093	0.65329353743248
23.050000000000	-0.63622979136194	0.65555604576909
23.057000000000	-0.63410577096779	0.65780698248892
23.064000000000	-0.63197357639265	0.66004644433495
23.071000000000	-0.62983320565735	0.66227452584461
23.078000000000	-0.62768465564032	0.66449131937804
23.085000000000	-0.62552792210762	0.66669691514569
23.092000000000	-0.62336299974215	0.66889140123535
23.099000000000	-0.62118988217207	0.67107486363870
23.106000000000	-0.61900856199841	0.67324738627709
23.113000000000	-0.61681903082193	0.67540905102693
23.120000000000	-0.61462127926923	0.67755993774444
23.127000000000	-0.61241529701819	0.67970012428986
23.134000000000	-0.61020107282272	0.68182968655116
23.141000000000	-0.60797859453682	0.68394869846718
23.148000000000	-0.60574784913802	0.68605723205026
23.155000000000	-0.60350882275021	0.68815535740838
23.162000000000	-0.60126150066589	0.69024314276676
23.169000000000	-0.59900586736777	0.69232065448904
23.176000000000	-0.59674190654996	0.69438795709788
23.183000000000	-0.59446960113843	0.69644511329512
23.190000000000	-0.59218893331113	0.69849218398152
23.197000000000	-0.58989988451754	0.70052922827597
23.204000000000	-0.58760243549767	0.70255630353428
23.211000000000	-0.58529656630072	0.70457346536751
23.218000000000	-0.58298225630321	0.70658076765991
23.225000000000	-0.58065948422669	0.70857826258632
23.232000000000	-0.57832822815504	0.71056600062928
23.239000000000	-0.57598846555138	0.71254403059566
23.246000000000	-0.57364017327453	0.71451239963283
23.253000000000	-0.57128332759520	0.71647115324455
23.260000000000	-0.56891790421171	0.71842033530636
23.267000000000	-0.56654387826542	0.72035998808063
23.274000000000	-0.56416122435583	0.72229015223123
23.281000000000	-0.56176991655531	0.72421086683781
23.288000000000	-0.55936992842358	0.72612216940972
23.295000000000	-0.55696123302182	0.72802409589958
23.302000000000	-0.55454380292657	0.72991668071646
23.309000000000	-0.55211761024326	0.73179995673877
23.316000000000	-0.54968262661958	0.73367395532675
23.323000000000	-0.54723882325849	0.73553870633466
23.330000000000	-0.54478617093106	0.73739423812260
23.337000000000	-0.54232463998904	0.73924057756809
23.344000000000	-0.53985420037717	0.74107775007721
23.351000000000	-0.53737482164538	0.74290577959554
23.358000000000	-0.53488647296063	0.74472468861869
23.365000000000	-0.53238912311871	0.74653449820267
23.372000000000	-0.52988274055569	0.74833522797375
23.379000000000	-0.52736729335932	0.75012689613827
23.386000000000	-0.52484274928018	0.75190951949198
23.393000000000	-0.52230907574269	0.75368311342917
23.400000000000	-0.51976623985594	0.75544769195154
23.407000000000	-0.51721420842440	0.75720326767675
23.414000000000	-0.51465294795846	0.75894985184678
23.421000000000	-0.51208242468482	0.76068745433589
23.428000000000	-0.50950260455680	0.76241608365851
23.435000000000	-0.50691345326449	0.76413574697672
23.442000000000	-0.50431493624477	0.76584645010753
23.449000000000	-0.50170701869125	0.76754819752999
23.456000000000	-0.49908966556409	0.76924099239195
23.463000000000	-0.49646284159973	0.77092483651662
23.470000000000	-0.49382651132053	0.77259973040897
23.477000000000	-0.49118063904430	0.77426567326180
23.484000000000	-0.48852518889378	0.77592266296166
23.491000000000	-0.48586012480602	0.77757069609451
23.498000000000	-0.48318541054171	0.77920976795121
23.505000000000	-0.48050100969447	0.78083987253274
23.512000000000	-0.47780688569999	0.78246100255529
23.519000000000	-0.47510300184522	0.78407314945508
23.526000000000	-0.47238932127745	0.78567630339299
23.533000000000	-0.46966580701341	0.78727045325908
23.540000000000	-0.46693242194820	0.78885558667679
23.547000000000	-0.46418912886438	0.79043169000703
23.554000000000	-0.46143589044084	0.79199874835213
23.561000000000	-0.45867266926178	0.79355674555947
23.568000000000	-0.45589942782559	0.79510566422507
23.575000000000	-0.45311612855377	0.79664548569697
23.582000000000	-0.45032273379983	0.79817619007839
23.589000000000	-0.44751920585811	0.79969775623077
23.596000000000	-0.44470550697271	0.80121016177669
23.603000000000	-0.44188159934634	0.80271338310250
23.610000000000	-0.43904744514923	0.80420739536096
23.617000000000	-0.43620300652798	0.80569217247360
23.624000000000	-0.43334824561452	0.80716768713298
23.631000000000	-0.43048312453499	0.80863391080481
23.638000000000	-0.42760760541869	0.81009081372995
23.645000000000	-0.42472165040711	0.81153836492618
23.652000000000	-0.42182522166283	0.81297653218997
23.659000000000	-0.41891828137864	0.81440528209799
23.666000000000	-0.41600079178655	0.81582458000858
23.673000000000	-0.41307271516693	0.81723439006306
23.680000000000	-0.41013401385767	0.81863467518689
23.687000000000	-0.40718465026333	0.82002539709078
23.694000000000	-0.40422458686442	0.82140651627162
23.701000000000	-0.40125378622673	0.82277799201335
23.708000000000	-0.39827221101061	0.82413978238764
23.715000000000	-0.39527982398046	0.82549184425457
23.722000000000	-0.39227658801416	0.82683413326315
23.729000000000	-0.38926246611267	0.82816660385168
23.736000000000	-0.38623742140958	0.82948920924817
23.743000000000	-0.38320141718087	0.83080190147049
23.750000000000	-0.38015441685460	0.83210463132656
23.757000000000	-0.37709638402082	0.83339734841438
23.764000000000	-0.37402728244145	0.83468000112200
23.771000000000	-0.37094707606031	0.83595253662744
23.778000000000	-0.36785572901321	0.83721490089845
23.785000000000	-0.36475320563816	0.83846703869228
23.792000000000	-0.36163947048561	0.83970889355534
23.799000000000	-0.35851448832886	0.84094040782275
23.806000000000	-0.35537822417453	0.84216152261795
23.813000000000	-0.35223064327313	0.84337217785211
23.820000000000	-0.34907171112976	0.84457231222353
23.827000000000	-0.34590139351489	0.84576186321702
23.834000000000	-0.34271965647526	0.84694076710321
23.841000000000	-0.33952646634489	0.84810895893776
23.848000000000	-0.33632178975624	0.84926637256060
23.855000000000	-0.33310559365143	0.85041294059506
23.862000000000	-0.32987784529359	0.85154859444704
23.869000000000	-0.32663851227841	0.85267326430404
23.876000000000	-0.32338756254570	0.85378687913426
23.883000000000	-0.32012496439118	0.85488936668562
23.890000000000	-0.31685068647832	0.85598065348473
23.897000000000	-0.31356469785039	0.85706066483589
23.904000000000	-0.31026696794255	0.85812932482006
23.911000000000	-0.30695746659422	0.85918655629380
23.918000000000	-0.30363616406141	0.86023228088817
23.925000000000	-0.30030303102934	0.86126641900770
23.932000000000	-0.29695803862517	0.86228888982931
23.939000000000	-0.29360115843081	0.86329961130119
23.946000000000	-0.29023236249595	0.86429850014178
23.953000000000	-0.28685162335126	0.86528547183865
23.960000000000	-0.28345891402163	0.86626044064749
23.967000000000	-0.28005420803971	0.86722331959103
23.974000000000	-0.27663747945953	0.86817402045804
23.981000000000	-0.27320870287024	0.86911245380233
23.988000000000	-0.26976785341013	0.87003852894175
23.995000000000	-0.26631490678071	0.87095215395729
24.002000000000	-0.26284983926100	0.87185323569213
24.009000000000	-0.25937262772200	0.87274167975081
24.016000000000	-0.25588324964129	0.87361739049835
24.023000000000	-0.25238168311785	0.87448027105954
24.030000000000	-0.24886790688701	0.87533022331816
24.037000000000	-0.24534190033562	0.87616714791633
24.044000000000	-0.24180364351735	0.87699094425389
24.051000000000	-0.23825311716820	0.87780151048788
24.058000000000	-0.23469030272221	0.87859874353202
24.065000000000	-0.23111518232728	0.87938253905636
24.072000000000	-0.22752773886127	0.88015279148690
24.079000000000	-0.22392795594822	0.88090939400541
24.086000000000	-0.22031581797476	0.88165223854922
24.093000000000	-0.21669131010674	0.88238121581122
24.100000000000	-0.21305441830604	0.88309621523983
24.107000000000	-0.20940512934755	0.88379712503921
24.114000000000	-0.20574343083638	0.88448383216945
24.121000000000	-0.20206931122522	0.88515622234698
24.128000000000	-0.19838275983193	0.88581418004502
24.135000000000	-0.19468376685730	0.88645758849420
24.142000000000	-0.19097232340307	0.88708632968325
24.149000000000	-0.18724842149002	0.88770028435993
24.156000000000	-0.18351205407641	0.88829933203200
24.163000000000	-0.17976321507652	0.88888335096834
24.170000000000	-0.17600189937940	0.88945221820030
24.177000000000	-0.17222810286790	0.89000580952312
24.184000000000	-0.16844182243777	0.89054399949756
24.191000000000	-0.16464305601709	0.89106666145168
24.198000000000	-0.16083180258584	0.89157366748279
24.205000000000	-0.15700806219564	0.89206488845958
24.212000000000	-0.15317183598981	0.89254019402446
24.219000000000	-0.14932312622348	0.89299945259605
24.226000000000	-0.14546193628407	0.89344253137188
24.233000000000	-0.14158827071179	0.89386929633134
24.240000000000	-0.13770213522053	0.89427961223874
24.247000000000	-0.13380353671882	0.89467334264669
24.254000000000	-0.12989248333105	0.89505034989964
24.261000000000	-0.12596898441886	0.89541049513768
24.268000000000	-0.12203305060282	0.89575363830052
24.275000000000	-0.11808469378416	0.89607963813180
24.282000000000	-0.11412392716687	0.89638835218356
24.289000000000	-0.11015076527986	0.89667963682105
24.296000000000	-0.10616522399942	0.89695334722771
24.303000000000	-0.10216732057179	0.89720933741048
24.310000000000	-0.098157073636047	0.89744746020540
24.317000000000	-0.094134503247045	0.89766756728342
24.324000000000	-0.090099630898660	0.89786950915658
24.331000000000	-0.086052479547187	0.89805313518442
24.338000000000	-0.081993073634919	0.89821829358076
24.345000000000	-0.077921439113931	0.89836483142072
24.352000000000	-0.073837603470061	0.89849259464812
24.359000000000	-0.069741595747045	0.89860142808318
24.366000000000	-0.065633446570866	0.89869117543053
24.373000000000	-0.061513188174271	0.89876167928763
24.380000000000	-0.057380854421459	0.89881278115345
24.387000000000	-0.053236480832969	0.89884432143759
24.394000000000	-0.049080104610704	0.89885613946969
24.401000000000	-0.044911764663162	0.89884807350929
24.408000000000	-0.040731501630808	0.89881996075598
24.415000000000	-0.036539357911615	0.89877163736003
24.422000000000	-0.032335377686773	0.89870293843333
24.429000000000	-0.028119606946542	0.89861369806083
24.436000000000	-0.023892093516265	0.89850374931226
24.443000000000	-0.019652887082510	0.89837292425441
24.450000000000	-0.015402039219393	0.89822105396374
24.457000000000	-0.011139603415005	0.89804796853947
24.464000000000	-0.0068656350979653	0.89785349711710
24.471000000000	-0.0025801916641553	0.89763746788239
24.478000000000	0.0017166674964897	0.89739970808577
24.485000000000	0.0060248809730141	0.89714004405728
24.492000000000	0.010344385306410	0.89685830122190
24.499000000000	0.014675114962437	0.89655430411547
24.506000000000	0.019017002304371	0.89622787640101
24.513000000000	0.023369977565656	0.89587884088558
24.520000000000	0.027733968822452	0.89550701953766
24.527000000000	0.032108901966102	0.89511223350503
24.534000000000	0.036494700675557	0.89469430313318
24.541000000000	0.040891286389688	0.89425304798424
24.548000000000	0.045298578279585	0.89378828685650
24.555000000000	0.049716493220754	0.89329983780442
24.562000000000	0.054144945765325	0.89278751815923
24.569000000000	0.058583848114181	0.89225114455012
24.576000000000	0.063033110089079	0.89169053292594
24.583000000000	0.067492639104754	0.89110549857754
24.590000000000	0.071962340141014	0.89049585616068
24.597000000000	0.076442115714823	0.88986141971955
24.604000000000	0.080931865852411	0.88920200271088
24.611000000000	0.085431488061394	0.88851741802866
24.618000000000	0.089940877302929	0.88780747802951
24.625000000000	0.094459925963894	0.88707199455866
24.632000000000	0.098988523829155	0.88631077897658
24.639000000000	0.10352655805385	0.88552364218621
24.646000000000	0.10807391313579	0.88471039466095
24.653000000000	0.11263047088789	0.88387084647316
24.660000000000	0.11719611041077	0.88300480732345
24.667000000000	0.12177070806540	0.88211208657059
24.674000000000	0.12635413744592	0.88119249326210
24.681000000000	0.13094626935254	0.88024583616556
24.688000000000	0.13554697176462	0.87927192380054
24.695000000000	0.14015610981390	0.87827056447136
24.702000000000	0.14477354575798	0.87724156630037
24.709000000000	0.14939913895380	0.87618473726215
24.716000000000	0.15403274583154	0.87509988521827
24.723000000000	0.15867421986862	0.87398681795283
24.730000000000	0.16332341156393	0.87284534320877
24.737000000000	0.16798016841237	0.87167526872481
24.744000000000	0.17264433487957	0.87047640227327
24.751000000000	0.17731575237699	0.86924855169848
24.758000000000	0.18199425923723	0.86799152495608
24.765000000000	0.18667969068969	0.86670513015298
24.772000000000	0.19137187883658	0.86538917558811
24.779000000000	0.19607065262919	0.86404346979392
24.786000000000	0.20077583784468	0.86266782157866
24.793000000000	0.20548725706308	0.86126204006943
24.800000000000	0.21020472964479	0.85982593475597
24.807000000000	0.21492807170850	0.85835931553523
24.814000000000	0.21965709610949	0.85686199275677
24.821000000000	0.22439161241846	0.85533377726884
24.828000000000	0.22913142690074	0.85377448046532
24.835000000000	0.23387634249611	0.85218391433339
24.842000000000	0.23862615879903	0.85056189150202
24.849000000000	0.24338067203946	0.84890822529118
24.856000000000	0.24813967506425	0.84722272976190
24.863000000000	0.25290295731907	0.84550521976706
24.870000000000	0.25767030483092	0.84375551100295
24.877000000000	0.26244150019131	0.84197342006166
24.884000000000	0.26721632254006	0.84015876448421
24.891000000000	0.27199454754976	0.83831136281441
24.898000000000	0.27677594741089	0.83643103465359
24.905000000000	0.28156029081767	0.83451760071598
24.912000000000	0.28634734295467	0.83257088288497
24.919000000000	0.29113686548406	0.83059070426998
24.926000000000	0.29592861653379	0.82857688926425
24.933000000000	0.30072235068642	0.82652926360325
24.940000000000	0.30551781896887	0.82444765442386
24.947000000000	0.31031476884293	0.82233189032433
24.954000000000	0.31511294419675	0.82018180142491
24.961000000000	0.31991208533708	0.81799721942920
24.968000000000	0.32471192898254	0.81577797768628
24.975000000000	0.32951220825775	0.81352391125342
24.982000000000	0.33431265268846	0.81123485695961
24.989000000000	0.33911298819768	0.80891065346968
24.996000000000	0.34391293710277	0.80655114134909
25.003000000000	0.34871221811358	0.80415616312948
25.010000000000	0.35351054633170	0.80172556337469
25.017000000000	0.35830763325071	0.79925918874760
25.024000000000	0.36310318675759	0.79675688807742
25.031000000000	0.36789691113526	0.79421851242772
25.038000000000	0.37268850706624	0.79164391516496
25.045000000000	0.37747767163753	0.78903295202759
25.052000000000	0.38226409834664	0.78638548119581
25.059000000000	0.38704747710894	0.78370136336169
25.066000000000	0.39182749426617	0.78098046179999
25.073000000000	0.39660383259623	0.77822264243936
25.080000000000	0.40137617132437	0.77542777393404
25.087000000000	0.40614418613556	0.77259572773607
25.094000000000	0.41090754918830	0.76972637816791
25.101000000000	0.41566592912983	0.76681960249540
25.108000000000	0.42041899111258	0.76387528100125
25.115000000000	0.42516639681222	0.76089329705880
25.122000000000	0.42990780444698	0.75787353720616
25.129000000000	0.43464286879859	0.75481589122062
25.136000000000	0.43937124123457	0.75172025219344
25.143000000000	0.44409256973209	0.74858651660483
25.150000000000	0.44880649890330	0.74541458439919
25.157000000000	0.45351267002231	0.74220435906056
25.164000000000	0.45821072105360	0.73895574768824
25.171000000000	0.46290028668209	0.73566866107257
25.178000000000	0.46758099834483	0.73234301377081
25.185000000000	0.47225248426423	0.72897872418312
25.192000000000	0.47691436948305	0.72557571462858
25.199000000000	0.48156627590092	0.72213391142122
25.206000000000	0.48620782231258	0.71865324494607
25.213000000000	0.49083862444791	0.71513364973509
25.220000000000	0.49545829501346	0.71157506454309
25.227000000000	0.50006644373593	0.70797743242346
25.234000000000	0.50466267740720	0.70434070080379
25.241000000000	0.50924659993119	0.70066482156121
25.248000000000	0.51381781237251	0.69694975109761
25.255000000000	0.51837591300682	0.69319545041443
25.262000000000	0.52292049737298	0.68940188518730
25.269000000000	0.52745115832705	0.68556902584012
25.276000000000	0.53196748609804	0.68169684761892
25.283000000000	0.53646906834548	0.67778533066516
25.290000000000	0.54095549021882	0.67383446008856
25.297000000000	0.54542633441864	0.66984422603944
25.304000000000	0.54988118125972	0.66581462378039
25.311000000000	0.55431960873590	0.66174565375744
25.318000000000	0.55874119258681	0.65763732167043
25.325000000000	0.56314550636641	0.65348963854274
25.332000000000	0.56753212151342	0.64930262079024
25.339000000000	0.57190060742353	0.64507629028945
25.346000000000	0.57625053152346	0.64081067444475
25.353000000000	0.58058145934691	0.63650580625484
25.360000000000	0.58489295461225	0.63216172437805
25.367000000000	0.58918457930213	0.62777847319685
25.374000000000	0.59345589374480	0.62335610288110
25.381000000000	0.59770645669737	0.61889466945037
25.388000000000	0.60193582543073	0.61439423483501
25.395000000000	0.60614355581641	0.60985486693601
25.402000000000	0.61032920241504	0.60527663968367
25.409000000000	0.61449231856677	0.60065963309490
25.416000000000	0.61863245648327	0.59600393332919
25.423000000000	0.62274916734159	0.59130963274315
25.430000000000	0.62684200137962	0.58657682994367
25.437000000000	0.63091050799335	0.58180562983943
25.444000000000	0.63495423583573	0.57699614369099
25.451000000000	0.63897273291723	0.57214848915919
25.458000000000	0.64296554670797	0.56726279035187
25.465000000000	0.64693222424153	0.56233917786897
25.472000000000	0.65087231222026	0.55737778884579
25.479000000000	0.65478535712219	0.55237876699443
25.486000000000	0.65867090530941	0.54734226264346
25.493000000000	0.66252850313797	0.54226843277551
25.500000000000	0.66635769706920	0.53715744106314
25.507000000000	0.67015803378249	0.53200945790243
25.514000000000	0.67392906028940	0.52682466044477
25.521000000000	0.67767032404912	0.52160323262632
25.528000000000	0.68138137308525	0.51634536519550
25.535000000000	0.68506175610382	0.51105125573819
25.542000000000	0.68871102261255	0.50572110870070
25.549000000000	0.69232872304124	0.50035513541047
25.556000000000	0.69591440886334	0.49495355409444
25.563000000000	0.69946763271851	0.48951658989503
25.570000000000	0.70298794853633	0.48404447488375
25.577000000000	0.70647491166090	0.47853744807230
25.584000000000	0.70992807897634	0.47299575542123
25.591000000000	0.71334700903328	0.46741964984603
25.598000000000	0.71673126217606	0.46180939122067
25.605000000000	0.72008040067072	0.45616524637854
25.612000000000	0.72339398883371	0.45048748911074
25.619000000000	0.72667159316124	0.44477640016173
25.626000000000	0.72991278245918	0.43903226722219
25.633000000000	0.73311712797352	0.43325538491928
25.640000000000	0.73628420352126	0.42744605480401
25.647000000000	0.73941358562173	0.42160458533590
25.654000000000	0.74250485362818	0.41573129186479
25.661000000000	0.74555758985969	0.40982649660982
25.668000000000	0.74857137973324	0.40389052863555
25.675000000000	0.75154581189590	0.39792372382520
25.682000000000	0.75448047835708	0.39192642485098
25.689000000000	0.75737497462080	0.38589898114149
25.696000000000	0.76022889981782	0.37984174884621
25.703000000000	0.76304185683763	0.37375509079706
25.710000000000	0.76581345246022	0.36763937646694
25.717000000000	0.76854329748751	0.36149498192536
25.724000000000	0.77123100687443	0.35532228979109
25.731000000000	0.77387619985952	0.34912168918179
25.738000000000	0.77647850009501	0.34289357566069
25.745000000000	0.77903753577628	0.33663835118033
25.752000000000	0.78155293977064	0.33035642402319
25.759000000000	0.78402434974533	0.32404820873950
25.766000000000	0.78645140829471	0.31771412608198
25.773000000000	0.78883376306648	0.31135460293760
25.780000000000	0.79117106688697	0.30497007225650
25.787000000000	0.79346297788526	0.29856097297781
25.794000000000	0.79570915961628	0.29212774995271
25.801000000000	0.79790928118251	0.28567085386442
25.808000000000	0.80006301735453	0.27919074114545
25.815000000000	0.80217004869009	0.27268787389186
25.822000000000	0.80423006165174	0.26616271977474
25.829000000000	0.80624274872290	0.25961575194890
25.836000000000	0.80820780852237	0.25304744895865
25.843000000000	0.81012494591707	0.24645829464097
25.850000000000	0.81199387213306	0.23984877802588
25.857000000000	0.81381430486473	0.23321939323410
25.864000000000	0.81558596838199	0.22657063937212
25.871000000000	0.81730859363558	0.21990302042460
25.878000000000	0.81898191836023	0.21321704514429
25.885000000000	0.82060568717575	0.20651322693927
25.892000000000	0.82217965168585	0.19979208375792
25.899000000000	0.82370357057473	0.19305413797129
25.906000000000	0.82517720970136	0.18629991625315
25.913000000000	0.82660034219124	0.17952994945777
25.920000000000	0.82797274852585	0.17274477249539
25.927000000000	0.82929421662939	0.16594492420541
25.934000000000	0.83056454195307	0.15913094722761
25.941000000000	0.83178352755665	0.15230338787106
25.948000000000	0.83295098418727	0.14546279598121
25.955000000000	0.83406673035560	0.13860972480488
25.962000000000	0.83513059240898	0.13174473085339
25.969000000000	0.83614240460187	0.12486837376396
25.976000000000	0.83710200916323	0.11798121615918
25.983000000000	0.83800925636096	0.11108382350496
25.990000000000	0.83886400456333	0.10417676396682
25.997000000000	0.83966612029728	0.097260608264593
26.000000000000	0.83999374087016	0.094293898942074
26.004000000000	0.84041547830365	0.090335929525770
26.011000000000	0.84111196158920	0.083403303137386
26.018000000000	0.84175546147546	0.076463306596669
26.025000000000	0.84234587764434	0.069516519360428
26.032000000000	0.84288311818043	0.062563522693344
26.039000000000	0.84336709961004	0.055604899515188
26.046000000000	0.84379774693688	0.048641234247066
26.053000000000	0.84417499367439	0.041673112656820
26.060000000000	0.84449878187465	0.034701121703580
26.067000000000	0.84476906215393	0.027725849381661
26.074000000000	0.84498579371477	0.020747884563789
26.081000000000	0.84514894436464	0.013767816843839
26.088000000000	0.84525849053114	0.0067862363791006
26.095000000000	0.84531441727367	-0.00019626626782219
26.102000000000	0.84531671829172	-0.0071791002873345
26.109000000000	0.84526539592957	-0.014161674781389
26.116000000000	0.84516046117758	-0.021143398922109
26.123000000000	0.84500193366990	-0.028123682110373
26.130000000000	0.84478984167880	-0.035101934134357
26.137000000000	0.84452422210538	-0.042077565327841
26.144000000000	0.84420512046692	-0.049049986728292
26.151000000000	0.84383259088066	-0.056018610234536
26.158000000000	0.84340669604420	-0.062982848764014
26.165000000000	0.84292750721235	-0.069942116409487
26.172000000000	0.84239510417071	-0.076895828595094
26.179000000000	0.84180957520566	-0.083843402231711
26.186000000000	0.84117101707108	-0.090784255871510
26.193000000000	0.84047953495168	-0.097717809861605
26.200000000000	0.83973524242300	-0.10464348649673
26.207000000000	0.83893826140806	-0.11156071017086
26.214000000000	0.83808872213081	-0.11846890752770
26.221000000000	0.83718676306628	-0.12536750760990
26.228000000000	0.83623253088756	-0.13225594200701
26.235000000000	0.83522618040963	-0.13913364500200
26.242000000000	0.83416787453003	-0.14600005371636
26.249000000000	0.83305778416647	-0.15285460825360
26.256000000000	0.83189608819146	-0.15969675184118
26.263000000000	0.83068297336388	-0.16652593097067
26.270000000000	0.82941863425766	-0.17334159553618
26.277000000000	0.82810327318762	-0.18014319897098
26.284000000000	0.82673710013241	-0.18693019838211
26.291000000000	0.82532033265472	-0.19370205468310
26.298000000000	0.82385319581884	-0.20045823272455
26.305000000000	0.82233592210545	-0.20719820142271
26.312000000000	0.82076875132398	-0.21392143388569
26.319000000000	0.81915193052227	-0.22062740753766
26.326000000000	0.81748571389399	-0.22731560424053
26.333000000000	0.81577036268345	-0.23398551041344
26.340000000000	0.81400614508829	-0.24063661714970
26.347000000000	0.81219333615980	-0.24726842033132
26.354000000000	0.81033221770111	-0.25388042074101
26.361000000000	0.80842307816329	-0.26047212417160
26.368000000000	0.80646621253941	-0.26704304153283
26.375000000000	0.80446192225664	-0.27359268895544
26.382000000000	0.80241051506654	-0.28012058789257
26.389000000000	0.80031230493350	-0.28662626521841
26.396000000000	0.79816761192149	-0.29310925332401
26.403000000000	0.79597676207922	-0.29956909021022
26.410000000000	0.79374008732372	-0.30600531957783
26.417000000000	0.79145792532246	-0.31241749091470
26.424000000000	0.78913061937417	-0.31880515957996
26.431000000000	0.78675851828827	-0.32516788688522
26.438000000000	0.78434197626323	-0.33150524017271
26.445000000000	0.78188135276375	-0.33781679289044
26.452000000000	0.77937701239699	-0.34410212466415
26.459000000000	0.77682932478781	-0.35036082136616
26.466000000000	0.77423866445335	-0.35659247518110
26.473000000000	0.77160541067674	-0.36279668466841
26.480000000000	0.76892994738031	-0.36897305482151
26.487000000000	0.76621266299825	-0.37512119712383
26.494000000000	0.76345395034895	-0.38124072960144
26.500000000000	0.76105666686478	-0.38646298734312
26.501000000000	0.76065420650697	-0.38733127687230
26.508000000000	0.75781383267493	-0.39339247019210
26.515000000000	0.75493323405537	-0.39942394749667
26.522000000000	0.75201281972268	-0.40542535344082
26.529000000000	0.74905300249530	-0.41139633943351
26.536000000000	0.74605419880832	-0.41733656366944
26.543000000000	0.74301682858660	-0.42324569115672
26.550000000000	0.73994131511869	-0.42912339374072
26.557000000000	0.73682808493158	-0.43496935012380
26.564000000000	0.73367756766663	-0.44078324588081
26.571000000000	0.73049019595688	-0.44656477347024
26.578000000000	0.72726640530588	-0.45231363224056
26.585000000000	0.72400663396851	-0.45802952843173
26.592000000000	0.72071132283400	-0.46371217517124
26.599000000000	0.71738091531149	-0.46936129246451
26.606000000000	0.71401585721871	-0.47497660717884
26.613000000000	0.71061659667410	-0.48055785302047
26.620000000000	0.70718358399306	-0.48610477050375
26.627000000000	0.70371727158899	-0.49161710691147
26.634000000000	0.70021811387988	-0.49709461624507
26.641000000000	0.69668656720145	-0.50253705916304
26.648000000000	0.69312308972794	-0.50794420290547
26.655000000000	0.68952814140198	-0.51331582120221
26.662000000000	0.68590218387507	-0.51865169416120
26.669000000000	0.68224568046085	-0.52395160813267
26.676000000000	0.67855909610337	-0.52921535554370
26.683000000000	0.67484289736352	-0.53444273469575
26.690000000000	0.67109755242707	-0.53963354951545
26.697000000000	0.66732353113885	-0.54478760924605
26.704000000000	0.66352130506832	-0.54990472806202
26.711000000000	0.65969134761308	-0.55498472458365
26.718000000000	0.65583413414805	-0.56002742125954
26.725000000000	0.65195014222942	-0.56503264357252
26.732000000000	0.64803985186362	-0.57000021900681
26.739000000000	0.64410374585226	-0.57492997568752
26.746000000000	0.64014231022278	-0.57982174056475
26.753000000000	0.63615603474958	-0.58467533695471
26.760000000000	0.63214541355781	-0.58949058115922
26.767000000000	0.62811094577132	-0.59426727774139
26.774000000000	0.62405313610076	-0.59900521280702
26.781000000000	0.61997249512658	-0.60370414427078
26.788000000000	0.61586953873042	-0.60836378747325
26.795000000000	0.61174478547892	-0.61298379348768
26.802000000000	0.60759874933740	-0.61756371571287
26.809000000000	0.60343192187814	-0.62210295740198
26.816000000000	0.59924473068991	-0.62660068795226
26.823000000000	0.59503744282059	-0.63105570877574
26.830000000000	0.59080993801626	-0.63546624385882
26.837000000000	0.58656116683336	-0.63982964955125
26.844000000000	0.58228784994073	-0.64414220170680
26.851000000000	0.57798153110090	-0.64839993749829
26.858000000000	0.57362370232716	-0.65260460641999
26.865000000000	0.56918898078903	-0.65678344691128
26.872000000000	0.56469220894305	-0.66100204909389
26.879000000000	0.56022691722151	-0.66527583019494
26.886000000000	0.55583564503981	-0.66952001449249
26.893000000000	0.55147355305166	-0.67368422957923
26.900000000000	0.54710347121396	-0.67777378026542
26.907000000000	0.54271330723276	-0.68180330832855
26.914000000000	0.53830157487529	-0.68578247660528
26.921000000000	0.53386959480565	-0.68971651833773
26.928000000000	0.52941907510641	-0.69360819353344
26.935000000000	0.52495153239890	-0.69745899309110
26.942000000000	0.52046821913209	-0.70126975671705
26.949000000000	0.51597016649559	-0.70504098192641
26.956000000000	0.51145824004495	-0.70877298126110
26.963000000000	0.50693318516585	-0.71246596474850
26.970000000000	0.50239566031327	-0.71612008460467
26.977000000000	0.49784626047684	-0.71973546025281
26.984000000000	0.49328553361657	-0.72331219273763
26.991000000000	0.48871399221649	-0.72685037324556
26.998000000000	0.48413212147762	-0.73035008825264
27.000000000000	0.48282118368954	-0.73134295362177
27.005000000000	0.47954038519149	-0.73381142269124
27.012000000000	0.47493923000044	-0.73723446192468
27.019000000000	0.47032908852398	-0.74061929298915
27.026000000000	0.46571038167914	-0.74396600537627
27.033000000000	0.46108352042114	-0.74727469152292
27.040000000000	0.45644890706236	-0.75054544711148
27.047000000000	0.45180693628120	-0.75377837124577
27.054000000000	0.44715799590031	-0.75697356654441
27.061000000000	0.44250246749182	-0.76013113917889
27.068000000000	0.43784072685147	-0.76325119887421
27.075000000000	0.43317314437247	-0.76633385888421
27.082000000000	0.42850008534226	-0.76937923594946
27.089000000000	0.42382191017932	-0.77238745024344
27.096000000000	0.41913897462323	-0.77535862531060
27.103000000000	0.41445162988798	-0.77829288799898
27.110000000000	0.40976022278619	-0.78119036838924
27.117000000000	0.40506509583037	-0.78405119972136
27.124000000000	0.40036658731574	-0.78687551831992
27.131000000000	0.39566503138839	-0.78966346351849
27.138000000000	0.39096075810170	-0.79241517758383
27.145000000000	0.38625409346326	-0.79513080563989
27.152000000000	0.38154535947428	-0.79781049559219
27.159000000000	0.37683487416283	-0.80045439805245
27.166000000000	0.37212295161228	-0.80306266626379
27.173000000000	0.36740990198574	-0.80563545602646
27.180000000000	0.36269603154751	-0.80817292562426
27.187000000000	0.35798164268198	-0.81067523575156
27.194000000000	0.35326703391070	-0.81314254944120
27.201000000000	0.34855249990790	-0.81557503199295
27.208000000000	0.34383833151500	-0.81797285090283
27.215000000000	0.33912481575422	-0.82033617579323
27.222000000000	0.33441223584167	-0.82266517834372
27.229000000000	0.32970087120013	-0.82496003222273
27.236000000000	0.32499099747157	-0.82722091302000
27.243000000000	0.32028288652966	-0.82944799817984
27.250000000000	0.31557680649240	-0.83164146693516
27.257000000000	0.31087302173487	-0.83380150024238
27.264000000000	0.30617179290220	-0.83592828071710
27.271000000000	0.30147337692296	-0.83802199257058
27.278000000000	0.29677802702280	-0.84008282154712
27.285000000000	0.29208599273860	-0.84211095486214
27.292000000000	0.28739751993295	-0.84410658114116
27.299000000000	0.28271285080922	-0.84606989035965
27.306000000000	0.27803222392700	-0.84800107378357
27.313000000000	0.27335587421813	-0.84990032391087
27.320000000000	0.26868403300317	-0.85176783441377
27.327000000000	0.26401692800846	-0.85360380008186
27.334000000000	0.25935478338362	-0.85540841676604
27.341000000000	0.25469781971962	-0.85718188132333
27.348000000000	0.25004625406732	-0.85892439156246
27.355000000000	0.24540029995659	-0.86063614619032
27.362000000000	0.24076016741585	-0.86231734475926
27.369000000000	0.23612606299217	-0.86396818761520
27.376000000000	0.23149818977180	-0.86558887584656
27.383000000000	0.22687674740120	-0.86717961123409
27.390000000000	0.22226193210856	-0.86874059620144
27.397000000000	0.21765393672572	-0.87027203376664
27.404000000000	0.21305295071054	-0.87177412749435
27.411000000000	0.20845916016973	-0.87324708144896
27.418000000000	0.20387274788204	-0.87469110014853
27.425000000000	0.19929389332187	-0.87610638851953
27.432000000000	0.19472277268329	-0.87749315185237
27.439000000000	0.19015955890433	-0.87885159575785
27.446000000000	0.18560442169175	-0.88018192612426
27.453000000000	0.18105752754606	-0.88148434907545
27.460000000000	0.17651903978687	-0.88275907092958
27.467000000000	0.17198911857859	-0.88400629815877
27.474000000000	0.16746792095638	-0.88522623734943
27.481000000000	0.16295560085240	-0.88641909516352
27.488000000000	0.15845230912230	-0.88758507830047
27.495000000000	0.15395819357199	-0.88872439345995
27.502000000000	0.14947339898463	-0.88983724730541
27.509000000000	0.14499806714781	-0.89092384642835
27.516000000000	0.14053233688100	-0.89198439731341
27.523000000000	0.13607634406310	-0.89301910630415
27.530000000000	0.13163022166030	-0.89402817956966
27.537000000000	0.12719409975394	-0.89501182307188
27.544000000000	0.12276810556866	-0.89597024253361
27.551000000000	0.11835236350063	-0.89690364340732
27.558000000000	0.11394699514589	-0.89781223084469
27.565000000000	0.10955211932882	-0.89869620966679
27.572000000000	0.10516785213074	-0.89955578433505
27.579000000000	0.10079430691855	-0.90039115892293
27.586000000000	0.096431594373475	-0.90120253708820
27.593000000000	0.092079822519838	-0.90199012204602
27.600000000000	0.087739096753964	-0.90275411654266
27.607000000000	0.083409519873034	-0.90349472282985
27.614000000000	0.079091192104041	-0.90421214263986
27.621000000000	0.074784211132726	-0.90490657716121
27.628000000000	0.070488672132539	-0.90557822701503
27.635000000000	0.066204667793606	-0.90622729223206
27.642000000000	0.061932288351685	-0.90685397223032
27.649000000000	0.057671621617085	-0.90745846579332
27.656000000000	0.053422753003587	-0.90804097104902
27.663000000000	0.049185765557312	-0.90860168544927
27.670000000000	0.044960739985544	-0.90914080574990
27.677000000000	0.040747754685498	-0.90965852799148
27.684000000000	0.036546885773038	-0.91015504748052
27.691000000000	0.032358207111313	-0.91063055877137
27.698000000000	0.028181790339312	-0.91108525564863
27.705000000000	0.024017704900360	-0.91151933111011
27.712000000000	0.019866018070482	-0.91193297735042
27.719000000000	0.015726794986709	-0.91232638574497
27.726000000000	0.011600098675240	-0.91269974683467
27.733000000000	0.0074859900795291	-0.91305325031098
27.740000000000	0.0033845280882234	-0.91338708500166
27.747000000000	-0.00070423043701347	-0.91370143885686
27.754000000000	-0.0047802306337965	-0.91399649893582
27.761000000000	-0.0088434196114663	-0.91427245139406
27.768000000000	-0.012893746423678	-0.91452948147099
27.775000000000	-0.016931162041118	-0.91476777347805
27.782000000000	-0.020955619324396	-0.91498751078730
27.789000000000	-0.024967072997076	-0.91518887582050
27.796000000000	-0.028965479618882	-0.91537205003859
27.803000000000	-0.032950797559050	-0.91553721393163
27.810000000000	-0.036922986969871	-0.91568454700925
27.817000000000	-0.040882009760402	-0.91581422779138
27.824000000000	-0.044827829570335	-0.91592643379957
27.831000000000	-0.048760411744075	-0.91602134154859
27.838000000000	-0.052679723304987	-0.91609912653850
27.845000000000	-0.056585732929834	-0.91615996324709
27.852000000000	-0.060478410923400	-0.91620402512275
27.859000000000	-0.064357729193315	-0.91623148457767
27.866000000000	-0.068223661225083	-0.91624251298143
27.873000000000	-0.072076182057282	-0.91623728065497
27.880000000000	-0.075915268256997	-0.91621595686495
27.887000000000	-0.079740897895442	-0.91617870981834
27.894000000000	-0.083553050523783	-0.91612570665753
27.901000000000	-0.087351707149184	-0.91605711345564
27.908000000000	-0.091136850211046	-0.91597309521217
27.915000000000	-0.094908463557479	-0.91587381584911
27.922000000000	-0.098666532421959	-0.91575943820716
27.929000000000	-0.10241104340023	-0.91563012404242
27.936000000000	-0.10614198442740	-0.91548603402332
27.943000000000	-0.10985934475526	-0.91532732772784
27.950000000000	-0.11356311492985	-0.91515416364102
27.957000000000	-0.11725328676919	-0.91496669915280
27.964000000000	-0.12092985334124	-0.91476509055608
27.971000000000	-0.12459280894218	-0.91454949304502
27.978000000000	-0.12824214907474	-0.91432006071374
27.985000000000	-0.13187787042693	-0.91407694655512
27.992000000000	-0.13549997085083	-0.91382030245993
27.999000000000	-0.13910844934177	-0.91355027921619
28.006000000000	-0.14270330601754	-0.91326702650880
28.013000000000	-0.14628454209805	-0.91297069291934
28.020000000000	-0.14985215988498	-0.91266142592611
28.027000000000	-0.15340616274184	-0.91233937190447
28.034000000000	-0.15694655507417	-0.91200467612728
28.041000000000	-0.16047334230996	-0.91165748276563
28.048000000000	-0.16398653088030	-0.91129793488972
28.055000000000	-0.16748612820029	-0.91092617447001
28.062000000000	-0.17097214265013	-0.91054234237847
28.069000000000	-0.17444458355644	-0.91014657839012
28.076000000000	-0.17790346117381	-0.90973902118463
28.083000000000	-0.18134878666658	-0.90931980834824
28.090000000000	-0.18478057209082	-0.90888907637573
28.097000000000	-0.18819883037655	-0.90844696067263
28.104000000000	-0.19160357531015	-0.90799359555754
28.111000000000	-0.19499482151702	-0.90752911426469
28.118000000000	-0.19837258444445	-0.90705364894657
28.125000000000	-0.20173688034467	-0.90656733067672
28.132000000000	-0.20508772625820	-0.90607028945272
28.139000000000	-0.20842513999729	-0.90556265419927
28.146000000000	-0.21174914012970	-0.90504455277143
28.153000000000	-0.21505974596261	-0.90451611195796
28.160000000000	-0.21835697752678	-0.90397745748480
28.167000000000	-0.22164085556089	-0.90342871401875
28.174000000000	-0.22491140149610	-0.90287000517110
28.181000000000	-0.22816863744085	-0.90230145350154
28.188000000000	-0.23141258616581	-0.90172318052211
28.195000000000	-0.23464327108909	-0.90113530670122
28.202000000000	-0.23786071626158	-0.90053795146789
28.209000000000	-0.24106494635260	-0.89993123321592
28.216000000000	-0.24425598663562	-0.89931526930834
28.223000000000	-0.24743386297430	-0.89869017608180
28.230000000000	-0.25059860180865	-0.89805606885115
28.237000000000	-0.25375023014143	-0.89741306191406
28.244000000000	-0.25688877552467	-0.89676126855569
28.251000000000	-0.26001426604651	-0.89610080105357
28.258000000000	-0.26312673031811	-0.89543177068237
28.265000000000	-0.26622619746082	-0.89475428771890
28.272000000000	-0.26931269709350	-0.89406846144707
28.279000000000	-0.27238625932006	-0.89337440016302
28.286000000000	-0.27544691471716	-0.89267221118022
28.293000000000	-0.27849469432209	-0.89196200083466
28.300000000000	-0.28152962962087	-0.89124387449016
28.307000000000	-0.28455175253647	-0.89051793654362
28.314000000000	-0.28756109541725	-0.88978429043041
28.321000000000	-0.29055769102560	-0.88904303862982
28.328000000000	-0.29354157252667	-0.88829428267045
28.335000000000	-0.29651277347736	-0.88753812313579
28.342000000000	-0.29947132781544	-0.88677465966973
28.349000000000	-0.30241726984882	-0.88600399098214
28.356000000000	-0.30535063424505	-0.88522621485456
28.363000000000	-0.30827145602095	-0.88444142814579
28.370000000000	-0.31117977053236	-0.88364972679761
28.377000000000	-0.31407561346415	-0.88285120584054
28.384000000000	-0.31695902082032	-0.88204595939958
28.391000000000	-0.31983002891424	-0.88123408069995
28.398000000000	-0.32268867435915	-0.88041566207299
28.405000000000	-0.32553499405871	-0.87959079496189
28.412000000000	-0.32836902519775	-0.87875956992762
28.419000000000	-0.33119080523319	-0.87792207665478
28.426000000000	-0.33400037188505	-0.87707840395746
28.433000000000	-0.33679776312768	-0.87622863978521
28.440000000000	-0.33958301718108	-0.87537287122887
28.447000000000	-0.34235617250241	-0.87451118452660
28.454000000000	-0.34511726777764	-0.87364366506974
28.461000000000	-0.34786634191325	-0.87277039740882
28.468000000000	-0.35060343402824	-0.87189146525946
28.475000000000	-0.35332858344613	-0.87100695150839
28.482000000000	-0.35604182968716	-0.87011693821940
28.489000000000	-0.35874321246064	-0.86922150663930
28.496000000000	-0.36143277165737	-0.86832073720390
28.503000000000	-0.36411054734226	-0.86741470954397
28.510000000000	-0.36677657974708	-0.86650350249125
28.517000000000	-0.36943090926323	-0.86558719408439
28.524000000000	-0.37207357643483	-0.86466586157491
28.531000000000	-0.37470462195172	-0.86373958143318
28.538000000000	-0.37732408664276	-0.86280842935438
28.545000000000	-0.37993201146915	-0.86187248026444
28.552000000000	-0.38252843751790	-0.86093180832595
28.559000000000	-0.38511340599544	-0.85998648694415
28.566000000000	-0.38768695822131	-0.85903658877282
28.573000000000	-0.39024913562200	-0.85808218572016
28.580000000000	-0.39279997972486	-0.85712334895475
28.587000000000	-0.39533953215219	-0.85616014891138
28.594000000000	-0.39786783461537	-0.85519265529696
28.601000000000	-0.40038492890916	-0.85422093709634
28.608000000000	-0.40289085690605	-0.85324506257817
28.615000000000	-0.40538566055079	-0.85226509930072
28.622000000000	-0.40786938185493	-0.85128111411768
28.629000000000	-0.41034206289157	-0.85029317318394
28.636000000000	-0.41280374579011	-0.84930134196139
28.643000000000	-0.41525447273120	-0.84830568522460
28.650000000000	-0.41769428594169	-0.84730626706665
28.657000000000	-0.42012322768978	-0.84630315090473
28.664000000000	-0.42254134028016	-0.84529639948589
28.671000000000	-0.42494866604936	-0.84428607489269
28.678000000000	-0.42734524736106	-0.84327223854883
28.685000000000	-0.42973112660165	-0.84225495122476
28.692000000000	-0.43210634617575	-0.84123427304331
28.699000000000	-0.43447094850184	-0.84021026348520
28.706000000000	-0.43682497600809	-0.83918298139463
28.713000000000	-0.43916847112811	-0.83815248498477
28.720000000000	-0.44150147629692	-0.83711883184326
28.727000000000	-0.44382403394695	-0.83608207893770
28.734000000000	-0.44613618650410	-0.83504228262101
28.741000000000	-0.44843797638394	-0.83399949863694
28.748000000000	-0.45072944598794	-0.83295378212538
28.755000000000	-0.45301063769981	-0.83190518762775
28.762000000000	-0.45528159388192	-0.83085376909230
28.769000000000	-0.45754235687178	-0.82979957987942
28.776000000000	-0.45979296897857	-0.82874267276694
28.783000000000	-0.46203347247984	-0.82768309995529
28.790000000000	-0.46426390961817	-0.82662091307281
28.797000000000	-0.46648432259798	-0.82555616318082
28.804000000000	-0.46869475358236	-0.82448890077888
28.811000000000	-0.47089524469003	-0.82341917580981
28.818000000000	-0.47308583799233	-0.82234703766483
28.825000000000	-0.47526657551023	-0.82127253518863
28.832000000000	-0.47743749921154	-0.82019571668434
28.839000000000	-0.47959865100805	-0.81911662991858
28.846000000000	-0.48175007275282	-0.81803532212640
28.853000000000	-0.48389180623748	-0.81695184001620
28.860000000000	-0.48602389318963	-0.81586622977464
28.867000000000	-0.48814637527032	-0.81477853707151
28.874000000000	-0.49025929407149	-0.81368880706458
28.881000000000	-0.49236269111361	-0.81259708440436
28.888000000000	-0.49445660784328	-0.81150341323892
28.895000000000	-0.49654108563092	-0.81040783721859
28.902000000000	-0.49861616576848	-0.80931039950070
28.909000000000	-0.50068188946732	-0.80821114275421
28.916000000000	-0.50273829785599	-0.80711010916441
28.923000000000	-0.50478543197817	-0.80600734043746
28.930000000000	-0.50682333279063	-0.80490287780504
28.937000000000	-0.50885204116124	-0.80379676202882
28.944000000000	-0.51087159786705	-0.80268903340503
28.951000000000	-0.51288204359238	-0.80157973176889
28.958000000000	-0.51488341892701	-0.80046889649909
28.965000000000	-0.51687576436440	-0.79935656652218
28.972000000000	-0.51885912029992	-0.79824278031697
28.979000000000	-0.52083352702919	-0.79712757591885
28.986000000000	-0.52279902474644	-0.79601099092413
28.993000000000	-0.52475565354286	-0.79489306249429
29.000000000000	-0.52670345340514	-0.79377382736026
