#Parameters = {C=4.48e-14; C_off=4.48e-14; C_on=0; H_add_decoupl=0.338; Hair=10; Hair_lower=10; Hpre1=0.204; Hpre1_2=0.306; Hsub1=0.508; Hsub_add1=0.168; Hsub_bottom=0.101; Hsub_top2=0.762; L=0; L1=0.02; L2_buf=0.26; L_add_cut=0.66; L_off=0; L_on=1.3e-10; L_stub_low=1.5; Ldiode=0.3302; Lline_low=1; Lp=1.52; Period_wall=0.5; Px=5; R=2.5; R_bottom_in=0.86; R_bottom_out=0.96; R_inner_bottom_ring=0.96; R_off=2.5; R_on=5.2; R_out_bottom_ring=1.11; Sigma_copper=58000000; W_ring_inner=0.15; WcircleInner_2=0.4; Wcut=0.9; Wp=1.52; X1Stub=-1.15; angle_stub=30; delta=0.3; deltaHAdd=0.101; deltaL1=0.14; deltaR2=0.15; deltaRCircle=0.2; deltaStubY=0.1; deltaStubY_top=0.3; delta_annual_ring=0.1; delta_edge=0.1; delta_via=0.9; delta_via_screen_center=0.25; h2_fr4=0.25; h2_prepreg=0.138; hSub=1.067; hfr4=0.102; l_add=0.76; phi=0; r_area=0.2; r_area_center=0.225; r_bottom_2=1.8; r_circle=0; r_out1=0; r_par=0.1; r_par_w=0.05; r_per=0.1; r_rez=0; r_road=0.05; r_shaped=1.15; r_shaped_2=1.2; r_shaped_low=1.2; r_via=0.1; r_via_center=0.125; r_via_wall=0.1; rad_circle=0.65; rez=0; roughness=0.0028; t_pog=0; th=0.018; th2=0.204; th3=0.5; th_top=0.07; theta=30; wDiode=0.3048; w_add=0.1; wstub=0.2}
#"Frequency / GHz"	"SZmax(1),Zmax(1) (theta=30) [Real/Imaginary Part] [Re]"	"SZmax(1),Zmax(1) (theta=30) [Real/Imaginary Part] [Im]"
#-----------------------------------------------------------------------------------------------------------------------------------
22.000000000000	-0.80785886157347	0.069401329641731
22.007000000000	-0.80995659702102	0.075662453605941
22.014000000000	-0.81194733214250	0.081861211545752
22.021000000000	-0.81383470299837	0.087997706026006
22.028000000000	-0.81562221776413	0.094072107855963
22.035000000000	-0.81731326054972	0.10008465008168
22.042000000000	-0.81891109519491	0.10603562239386
22.049000000000	-0.82041886902867	0.11192536592575
22.056000000000	-0.82183961658200	0.11775426841715
22.063000000000	-0.82317626324539	0.12352275972139
22.070000000000	-0.82443162886357	0.12923130763377
22.077000000000	-0.82560843126121	0.13488041402089
22.084000000000	-0.82670928969458	0.14047061123157
22.091000000000	-0.82773672822510	0.14600245877097
22.098000000000	-0.82869317901150	0.15147654022075
22.105000000000	-0.82958098551813	0.15689346038907
22.112000000000	-0.83040240563773	0.16225384267511
22.119000000000	-0.83115961472741	0.16755832663380
22.126000000000	-0.83185470855723	0.17280756572733
22.133000000000	-0.83248970617118	0.17800222525067
22.140000000000	-0.83306655266071	0.18314298041942
22.147000000000	-0.83358712185143	0.18823051460874
22.154000000000	-0.83405321890374	0.19326551773298
22.161000000000	-0.83446658282850	0.19824868475634
22.168000000000	-0.83482888891904	0.20318071432534
22.175000000000	-0.83514175110090	0.20806230751463
22.182000000000	-0.83540672420108	0.21289416667814
22.189000000000	-0.83562530613830	0.21767699439819
22.196000000000	-0.83579894003634	0.22241149252546
22.203000000000	-0.83592901626215	0.22709836130347
22.210000000000	-0.83601687439087	0.23173829857144
22.217000000000	-0.83606380509960	0.23633199903982
22.224000000000	-0.83607105199208	0.24088015363331
22.231000000000	-0.83603981335622	0.24538344889640
22.238000000000	-0.83597124385659	0.24984256645682
22.245000000000	-0.83586645616387	0.25425818254265
22.252000000000	-0.83572652252329	0.25863096754909
22.259000000000	-0.83555247626407	0.26296158565120
22.266000000000	-0.83534531325183	0.26725069445915
22.273000000000	-0.83510599328587	0.27149894471266
22.280000000000	-0.83483544144336	0.27570698001189
22.287000000000	-0.83453454937210	0.27987543658165
22.294000000000	-0.83420417653389	0.28400494306659
22.301000000000	-0.83384515140014	0.28809612035493
22.308000000000	-0.83345827260154	0.29214958142829
22.315000000000	-0.83304431003343	0.29616593123585
22.322000000000	-0.83260400591858	0.30014576659056
22.329000000000	-0.83213807582885	0.30408967608591
22.336000000000	-0.83164720966744	0.30799824003134
22.343000000000	-0.83113207261313	0.31187203040490
22.350000000000	-0.83059330602792	0.31571161082161
22.357000000000	-0.83003152832959	0.31951753651627
22.364000000000	-0.82944733583044	0.32329035433939
22.371000000000	-0.82884130354358	0.32703060276511
22.378000000000	-0.82821398595794	0.33073881191017
22.385000000000	-0.82756591778339	0.33441550356263
22.392000000000	-0.82689761466691	0.33806119121980
22.399000000000	-0.82620957388119	0.34167638013426
22.406000000000	-0.82550227498653	0.34526156736720
22.413000000000	-0.82477618046724	0.34881724184855
22.420000000000	-0.82403173634349	0.35234388444297
22.427000000000	-0.82326937275960	0.35584196802124
22.434000000000	-0.82248950454963	0.35931195753640
22.441000000000	-0.82169253178132	0.36275431010412
22.448000000000	-0.82087884027910	0.36616947508685
22.455000000000	-0.82004880212704	0.36955789418121
22.462000000000	-0.81920277615264	0.37292000150827
22.469000000000	-0.81834110839200	0.37625622370627
22.476000000000	-0.81746413253735	0.37956698002551
22.483000000000	-0.81657217036752	0.38285268242499
22.490000000000	-0.81566553216200	0.38611373567055
22.497000000000	-0.81474451709932	0.38935053743422
22.504000000000	-0.81380941364035	0.39256347839449
22.511000000000	-0.81286049989707	0.39575294233735
22.518000000000	-0.81189804398749	0.39891930625777
22.525000000000	-0.81092230437713	0.40206294046156
22.532000000000	-0.80993353020772	0.40518420866728
22.539000000000	-0.80893196161359	0.40828346810812
22.546000000000	-0.80791783002614	0.41136106963365
22.553000000000	-0.80689135846700	0.41441735781118
22.560000000000	-0.80585276183032	0.41745267102670
22.567000000000	-0.80480224715443	0.42046734158521
22.574000000000	-0.80374001388355	0.42346169581047
22.581000000000	-0.80266625411973	0.42643605414393
22.588000000000	-0.80158115286557	0.42939073124280
22.595000000000	-0.80048488825790	0.43232603607729
22.602000000000	-0.79937763179296	0.43524227202677
22.609000000000	-0.79825954854327	0.43813973697498
22.616000000000	-0.79713079736660	0.44101872340408
22.623000000000	-0.79599153110729	0.44387951848763
22.630000000000	-0.79484189679023	0.44672240418227
22.637000000000	-0.79368203580787	0.44954765731837
22.644000000000	-0.79251208410036	0.45235554968928
22.651000000000	-0.79133217232921	0.45514634813935
22.658000000000	-0.79014242604475	0.45792031465071
22.665000000000	-0.78894296584745	0.46067770642871
22.672000000000	-0.78773390754359	0.46341877598601
22.679000000000	-0.78651536229523	0.46614377122535
22.686000000000	-0.78528743676490	0.46885293552103
22.693000000000	-0.78405023325515	0.47154650779896
22.700000000000	-0.78280384984305	0.47422472261543
22.707000000000	-0.78154838051006	0.47688781023444
22.714000000000	-0.78028391526717	0.47953599670383
22.721000000000	-0.77901054027571	0.48216950392987
22.728000000000	-0.77772833796390	0.48478854975067
22.735000000000	-0.77643738713930	0.48739334800816
22.742000000000	-0.77513776309731	0.48998410861881
22.749000000000	-0.77382953772590	0.49256103764293
22.756000000000	-0.77251277960668	0.49512433735277
22.763000000000	-0.77118755411245	0.49767420629928
22.770000000000	-0.76985392350141	0.50021083937753
22.777000000000	-0.76851194700807	0.50273442789097
22.784000000000	-0.76716168093100	0.50524515961431
22.791000000000	-0.76580317871764	0.50774321885523
22.798000000000	-0.76443649104613	0.51022878651488
22.805000000000	-0.76306166590433	0.51270204014703
22.812000000000	-0.76167874866622	0.51516315401622
22.819000000000	-0.76028778216562	0.51761229915454
22.826000000000	-0.75888880676739	0.52004964341737
22.833000000000	-0.75748186043630	0.52247535153791
22.840000000000	-0.75606697880347	0.52488958518057
22.847000000000	-0.75464419523066	0.52729250299329
22.854000000000	-0.75321354087229	0.52968426065871
22.861000000000	-0.75177504473545	0.53206501094426
22.868000000000	-0.75032873373792	0.53443490375127
22.875000000000	-0.74887463276414	0.53679408616288
22.882000000000	-0.74741276471940	0.53914270249104
22.889000000000	-0.74594315058221	0.54148089432246
22.896000000000	-0.74446580945490	0.54380880056354
22.903000000000	-0.74298075861259	0.54612655748436
22.910000000000	-0.74148801355046	0.54843429876165
22.917000000000	-0.73998758802959	0.55073215552087
22.924000000000	-0.73847949412112	0.55302025637734
22.931000000000	-0.73696374224910	0.55529872747642
22.938000000000	-0.73544034123189	0.55756769253286
22.945000000000	-0.73390929832217	0.55982727286920
22.952000000000	-0.73237061924567	0.56207758745334
22.959000000000	-0.73082430823868	0.56431875293526
22.966000000000	-0.72927036808428	0.56655088368292
22.973000000000	-0.72770880014738	0.56877409181725
22.980000000000	-0.72613960440873	0.57098848724648
22.987000000000	-0.72456277949773	0.57319417769956
22.994000000000	-0.72297832272421	0.57539126875884
23.001000000000	-0.72138623010922	0.57757986389204
23.008000000000	-0.71978649641481	0.57976006448338
23.015000000000	-0.71817911517284	0.58193196986404
23.022000000000	-0.71656407871291	0.58409567734193
23.029000000000	-0.71494137818937	0.58625128223063
23.036000000000	-0.71331100360749	0.58839887787777
23.043000000000	-0.71167294384879	0.59053855569266
23.050000000000	-0.71002718669556	0.59267040517330
23.057000000000	-0.70837371885468	0.59479451393264
23.064000000000	-0.70671252598057	0.59691096772430
23.071000000000	-0.70504359269749	0.59901985046765
23.078000000000	-0.70336690262119	0.60112124427216
23.085000000000	-0.70168243837979	0.60321522946131
23.092000000000	-0.69999018163403	0.60530188459572
23.099000000000	-0.69829011309702	0.60738128649591
23.106000000000	-0.69658221255313	0.60945351026425
23.113000000000	-0.69486645887658	0.61151862930653
23.120000000000	-0.69314283004924	0.61357671535289
23.127000000000	-0.69141130317801	0.61562783847821
23.134000000000	-0.68967185451163	0.61767206712201
23.141000000000	-0.68792445945694	0.61970946810777
23.148000000000	-0.68616909259474	0.62174010666176
23.155000000000	-0.68440572769512	0.62376404643140
23.162000000000	-0.68263433773226	0.62578134950304
23.169000000000	-0.68085489489897	0.62779207641934
23.176000000000	-0.67906737062059	0.62979628619613
23.183000000000	-0.67727173556862	0.63179403633877
23.190000000000	-0.67546795967391	0.63378538285814
23.197000000000	-0.67365601213943	0.63577038028604
23.204000000000	-0.67183586145272	0.63774908169030
23.211000000000	-0.67000747539794	0.63972153868933
23.218000000000	-0.66817082106761	0.64168780146626
23.225000000000	-0.66632586487396	0.64364791878275
23.232000000000	-0.66447257256000	0.64560193799224
23.239000000000	-0.66261090921033	0.64754990505290
23.246000000000	-0.66074083926147	0.64949186454014
23.253000000000	-0.65886232651212	0.65142785965869
23.260000000000	-0.65697533413296	0.65335793225441
23.267000000000	-0.65507982467636	0.65528212282551
23.274000000000	-0.65317576008559	0.65720047053363
23.281000000000	-0.65126310170407	0.65911301321437
23.288000000000	-0.64934181028408	0.66101978738753
23.295000000000	-0.64741184599553	0.66292082826703
23.302000000000	-0.64547316843424	0.66481616977033
23.309000000000	-0.64352573663022	0.66670584452773
23.316000000000	-0.64156950905557	0.66858988389107
23.323000000000	-0.63960444363238	0.67046831794232
23.330000000000	-0.63763049774019	0.67234117550168
23.337000000000	-0.63564762822352	0.67420848413546
23.344000000000	-0.63365579139902	0.67607027016354
23.351000000000	-0.63165494306260	0.67792655866660
23.358000000000	-0.62964503849633	0.67977737349297
23.365000000000	-0.62762603247513	0.68162273726524
23.372000000000	-0.62559787927350	0.68346267138649
23.379000000000	-0.62356053267190	0.68529719604629
23.386000000000	-0.62151394596309	0.68712633022633
23.393000000000	-0.61945807195836	0.68895009170584
23.400000000000	-0.61739286299362	0.69076849706666
23.407000000000	-0.61531827093536	0.69258156169805
23.414000000000	-0.61323424718652	0.69438929980125
23.421000000000	-0.61114074269223	0.69619172439367
23.428000000000	-0.60903770794547	0.69798884731293
23.435000000000	-0.60692509299267	0.69978067922054
23.442000000000	-0.60480284743914	0.70156722960533
23.449000000000	-0.60267092045452	0.70334850678668
23.456000000000	-0.60052926077807	0.70512451791737
23.463000000000	-0.59837781672388	0.70689526898635
23.470000000000	-0.59621653618617	0.70866076482102
23.477000000000	-0.59404536664429	0.71042100908950
23.484000000000	-0.59186425516783	0.71217600430250
23.491000000000	-0.58967314842166	0.71392575181499
23.498000000000	-0.58747199267087	0.71567025182765
23.505000000000	-0.58526073378569	0.71740950338799
23.512000000000	-0.58303931724636	0.71914350439142
23.519000000000	-0.58080768814804	0.72087225158186
23.526000000000	-0.57856579120558	0.72259574055227
23.533000000000	-0.57631357075833	0.72431396574493
23.540000000000	-0.57405097077495	0.72602692045143
23.547000000000	-0.57177793485810	0.72773459681251
23.554000000000	-0.56949440624928	0.72943698581762
23.561000000000	-0.56720032783351	0.73113407730430
23.568000000000	-0.56489564214411	0.73282585995731
23.575000000000	-0.56258029136741	0.73451232130759
23.582000000000	-0.56025421734751	0.73619344773098
23.589000000000	-0.55791736159105	0.73786922444668
23.596000000000	-0.55556966527196	0.73953963551559
23.603000000000	-0.55321106923623	0.74120466383840
23.610000000000	-0.55084151400680	0.74286429115345
23.617000000000	-0.54846093978824	0.74451849803445
23.624000000000	-0.54606928647181	0.74616726388791
23.631000000000	-0.54366649364016	0.74781056695045
23.638000000000	-0.54125250057243	0.74944838428589
23.645000000000	-0.53882724624908	0.75108069178211
23.652000000000	-0.53639066935701	0.75270746414774
23.659000000000	-0.53394270829458	0.75432867490867
23.666000000000	-0.53148330117677	0.75594429640438
23.673000000000	-0.52901238584027	0.75755429978397
23.680000000000	-0.52652989984883	0.75915865500218
23.687000000000	-0.52403578049846	0.76075733081509
23.694000000000	-0.52152996482288	0.76235029477566
23.701000000000	-0.51901238959893	0.76393751322914
23.708000000000	-0.51648299135207	0.76551895130823
23.715000000000	-0.51394170636196	0.76709457292805
23.722000000000	-0.51138847066823	0.76866434078108
23.729000000000	-0.50882322007619	0.77022821633173
23.736000000000	-0.50624589016265	0.77178615981082
23.743000000000	-0.50365641628197	0.77333813020990
23.750000000000	-0.50105473357205	0.77488408527537
23.757000000000	-0.49844077696050	0.77642398150246
23.764000000000	-0.49581448117095	0.77795777412900
23.771000000000	-0.49317578072938	0.77948541712901
23.778000000000	-0.49052460997064	0.78100686320622
23.785000000000	-0.48786090304506	0.78252206378730
23.792000000000	-0.48518459392518	0.78403096901500
23.799000000000	-0.48249561641267	0.78553352774113
23.806000000000	-0.47979390414523	0.78702968751931
23.813000000000	-0.47707939060386	0.78851939459770
23.820000000000	-0.47435200912000	0.79000259391135
23.827000000000	-0.47161169288305	0.79147922907469
23.834000000000	-0.46885837494789	0.79294924237352
23.841000000000	-0.46609198824266	0.79441257475725
23.848000000000	-0.46331246557655	0.79586916583051
23.855000000000	-0.46051973964797	0.79731895384510
23.862000000000	-0.45771374305262	0.79876187569142
23.869000000000	-0.45489440829198	0.80019786688996
23.876000000000	-0.45206166778184	0.80162686158255
23.883000000000	-0.44921545386102	0.80304879252352
23.890000000000	-0.44635569880029	0.80446359107068
23.897000000000	-0.44348233481151	0.80587118717620
23.904000000000	-0.44059529405691	0.80727150937730
23.911000000000	-0.43769450865859	0.80866448478688
23.918000000000	-0.43477991070825	0.81005003908396
23.925000000000	-0.43185143227708	0.81142809650397
23.932000000000	-0.42890900542592	0.81279857982901
23.939000000000	-0.42595256221554	0.81416141037787
23.946000000000	-0.42298203471730	0.81551650799600
23.953000000000	-0.41999735502385	0.81686379104532
23.960000000000	-0.41699845526019	0.81820317639395
23.967000000000	-0.41398526759497	0.81953457940576
23.974000000000	-0.41095772425196	0.82085791392988
23.981000000000	-0.40791575752179	0.82217309229007
23.988000000000	-0.40485929977398	0.82348002527392
23.995000000000	-0.40178828346919	0.82477862212205
24.002000000000	-0.39870264117178	0.82606879051712
24.009000000000	-0.39560230556251	0.82735043657281
24.016000000000	-0.39248720945175	0.82862346482262
24.023000000000	-0.38935728579267	0.82988777820864
24.030000000000	-0.38621246769501	0.83114327807025
24.037000000000	-0.38305268843889	0.83238986413261
24.044000000000	-0.37987788148913	0.83362743449523
24.051000000000	-0.37668798050964	0.83485588562030
24.058000000000	-0.37348291937838	0.83607511232108
24.065000000000	-0.37026263220238	0.83728500775010
24.072000000000	-0.36702705333326	0.83848546338739
24.079000000000	-0.36377611738298	0.83967636902858
24.086000000000	-0.36050975923997	0.84085761277294
24.093000000000	-0.35722791408554	0.84202908101137
24.100000000000	-0.35393051741066	0.84319065841441
24.107000000000	-0.35061750503313	0.84434222792001
24.114000000000	-0.34728881311501	0.84548367072151
24.121000000000	-0.34394437818049	0.84661486625536
24.128000000000	-0.34058413713410	0.84773569218892
24.135000000000	-0.33720802727926	0.84884602440819
24.142000000000	-0.33381598633724	0.84994573700554
24.149000000000	-0.33040795246651	0.85103470226742
24.156000000000	-0.32698386428244	0.85211279066197
24.163000000000	-0.32354366087746	0.85317987082680
24.170000000000	-0.32008728184150	0.85423580955657
24.177000000000	-0.31661466728302	0.85528047179068
24.184000000000	-0.31312575785028	0.85631372060097
24.191000000000	-0.30962049475310	0.85733541717941
24.198000000000	-0.30609881978513	0.85834542082579
24.205000000000	-0.30256067534636	0.85934358893549
24.212000000000	-0.29900600446624	0.86032977698722
24.219000000000	-0.29543475082717	0.86130383853091
24.226000000000	-0.29184685878848	0.86226562517549
24.233000000000	-0.28824227341082	0.86321498657686
24.240000000000	-0.28462094048104	0.86415177042591
24.247000000000	-0.28098280653753	0.86507582243649
24.254000000000	-0.27732781889605	0.86598698633363
24.261000000000	-0.27365592567608	0.86688510384174
24.268000000000	-0.26996707582754	0.86777001467291
24.275000000000	-0.26626121915815	0.86864155651537
24.282000000000	-0.26253830636120	0.86949956502202
24.289000000000	-0.25879828904381	0.87034387379910
24.296000000000	-0.25504111975586	0.87117431439499
24.303000000000	-0.25126675201917	0.87199071628912
24.310000000000	-0.24747514035752	0.87279290688112
24.317000000000	-0.24366624032695	0.87358071148004
24.324000000000	-0.23984000854669	0.87435395329376
24.331000000000	-0.23599640273071	0.87511245341866
24.338000000000	-0.23213538171970	0.87585603082938
24.345000000000	-0.22825690551363	0.87658450236883
24.352000000000	-0.22436093530497	0.87729768273847
24.359000000000	-0.22044743351233	0.87799538448873
24.366000000000	-0.21651636381483	0.87867741800970
24.373000000000	-0.21256769118686	0.87934359152213
24.380000000000	-0.20860138193364	0.87999371106861
24.387000000000	-0.20461740372718	0.88062758050512
24.394000000000	-0.20061572564294	0.88124500149275
24.401000000000	-0.19659631819711	0.88184577348990
24.408000000000	-0.19255915338434	0.88242969374461
24.415000000000	-0.18850420471629	0.88299655728736
24.422000000000	-0.18443144726066	0.88354615692421
24.429000000000	-0.18034085768084	0.88407828323019
24.436000000000	-0.17623241427622	0.88459272454321
24.443000000000	-0.17210609702315	0.88508926695831
24.450000000000	-0.16796188761646	0.88556769432227
24.457000000000	-0.16379976951166	0.88602778822874
24.464000000000	-0.15961972796780	0.88646932801375
24.471000000000	-0.15542175009088	0.88689209075168
24.478000000000	-0.15120582487800	0.88729585125178
24.485000000000	-0.14697194326213	0.88768038205508
24.492000000000	-0.14272009815748	0.88804545343189
24.499000000000	-0.13845028450559	0.88839083337983
24.506000000000	-0.13416249932205	0.88871628762235
24.513000000000	-0.12985674174382	0.88902157960790
24.520000000000	-0.12553301307728	0.88930647050963
24.527000000000	-0.12119131684696	0.88957071922571
24.534000000000	-0.11683165884479	0.88981408238033
24.541000000000	-0.11245404718016	0.89003631432528
24.548000000000	-0.10805849233054	0.89023716714224
24.555000000000	-0.10364500719283	0.89041639064575
24.562000000000	-0.099213607135297	0.89057373238692
24.569000000000	-0.094764310050211	0.89070893765781
24.576000000000	-0.090297136407151	0.89082174949668
24.583000000000	-0.085812109306896	0.89091190869390
24.590000000000	-0.081309254536055	0.89097915379876
24.597000000000	-0.076788600622249	0.89102322112700
24.604000000000	-0.072250178890036	0.89104384476937
24.611000000000	-0.067694023517391	0.89104075660087
24.618000000000	-0.063120171592858	0.89101368629098
24.625000000000	-0.058528663173355	0.89096236131489
24.632000000000	-0.053919541342544	0.89088650696549
24.639000000000	-0.049292852269883	0.89078584636657
24.646000000000	-0.044648645270238	0.89066010048680
24.653000000000	-0.039986972864137	0.89050898815490
24.660000000000	-0.035307890838604	0.89033222607580
24.667000000000	-0.030611458308556	0.89012952884788
24.674000000000	-0.025897737778855	0.88990060898133
24.681000000000	-0.021166795206817	0.88964517691764
24.688000000000	-0.016418700065377	0.88936294105027
24.695000000000	-0.011653525406765	0.88905360774652
24.702000000000	-0.0068713479266784	0.88871688137057
24.709000000000	-0.0020722480290310	0.88835246430780
24.716000000000	0.0027436901087953	0.88796005699047
24.723000000000	0.0075763784702846	0.88753935792450
24.730000000000	0.012425725133518	0.88709006371785
24.737000000000	0.017291634204558	0.88661186911004
24.744000000000	0.022174005750312	0.88610446700321
24.751000000000	0.027072735731036	0.88556754849453
24.758000000000	0.031987715932380	0.88500080291011
24.765000000000	0.036918833897061	0.88440391784035
24.772000000000	0.041865972856197	0.88377657917689
24.779000000000	0.046829011660262	0.88311847115097
24.786000000000	0.051807824709770	0.88242927637350
24.793000000000	0.056802281885588	0.88170867587671
24.800000000000	0.061812248479056	0.88095634915732
24.807000000000	0.066837585121839	0.88017197422159
24.814000000000	0.071878147715530	0.87935522763183
24.821000000000	0.076933787361113	0.87850578455485
24.828000000000	0.082004350288236	0.87762331881204
24.835000000000	0.087089677784361	0.87670750293128
24.842000000000	0.092189606123846	0.87575800820067
24.849000000000	0.097303966496928	0.87477450472409
24.856000000000	0.10243258493869	0.87375666147870
24.863000000000	0.10757528225807	0.87270414637427
24.870000000000	0.11273187396683	0.87161662631448
24.877000000000	0.11790217020876	0.87049376726021
24.884000000000	0.12308597568879	0.86933523429480
24.891000000000	0.12828308960248	0.86814069169131
24.898000000000	0.13349330556561	0.86690980298190
24.905000000000	0.13871641154399	0.86564223102922
24.912000000000	0.14395218978364	0.86433763809994
24.919000000000	0.14920041674127	0.86299568594039
24.926000000000	0.15446086301519	0.86161603585439
24.933000000000	0.15973329327659	0.86019834878322
24.940000000000	0.16501746620134	0.85874228538782
24.947000000000	0.17031313440239	0.85724750613321
24.954000000000	0.17562004436266	0.85571367137516
24.961000000000	0.18093793636865	0.85414044144918
24.968000000000	0.18626654444476	0.85252747676167
24.975000000000	0.19160559628830	0.85087443788357
24.982000000000	0.19695481320542	0.84918098564616
24.989000000000	0.20231391004786	0.84744678123939
24.996000000000	0.20768259515067	0.84567148631236
25.003000000000	0.21306057027090	0.84385476307643
25.010000000000	0.21844753052743	0.84199627441051
25.017000000000	0.22384316434189	0.84009568396887
25.024000000000	0.22924715338081	0.83815265629136
25.031000000000	0.23465917249903	0.83616685691603
25.038000000000	0.24007888968448	0.83413795249423
25.045000000000	0.24550596600437	0.83206561090809
25.052000000000	0.25094005555285	0.82994950139049
25.059000000000	0.25638080540029	0.82778929464753
25.066000000000	0.26182785554416	0.82558466298336
25.073000000000	0.26728083886164	0.82333528042750
25.080000000000	0.27273938106404	0.82104082286467
25.087000000000	0.27820310065313	0.81870096816698
25.094000000000	0.28367160887932	0.81631539632860
25.101000000000	0.28914450970206	0.81388378960289
25.108000000000	0.29462139975216	0.81140583264189
25.115000000000	0.30010186829653	0.80888121263827
25.122000000000	0.30558549720504	0.80630961946969
25.129000000000	0.31107186091986	0.80369074584540
25.136000000000	0.31656052642727	0.80102428745544
25.143000000000	0.32205105323194	0.79830994312190
25.150000000000	0.32754299333401	0.79554741495270
25.157000000000	0.33303589120875	0.79273640849752
25.164000000000	0.33852928378912	0.78987663290604
25.171000000000	0.34402270045129	0.78696780108832
25.178000000000	0.34951566300306	0.78400962987753
25.185000000000	0.35500768567550	0.78100184019455
25.192000000000	0.36049827511769	0.77794415721490
25.199000000000	0.36598693039479	0.77483631053758
25.206000000000	0.37147314298950	0.77167803435595
25.213000000000	0.37695639680696	0.76846906763060
25.220000000000	0.38243616818323	0.76520915426397
25.227000000000	0.38791192589745	0.76189804327697
25.234000000000	0.39338313118770	0.75853548898723
25.241000000000	0.39884923777073	0.75512125118913
25.248000000000	0.40430969186564	0.75165509533541
25.255000000000	0.40976393222160	0.74813679272037
25.262000000000	0.41521139014958	0.74456612066451
25.269000000000	0.42065148955845	0.74094286270064
25.276000000000	0.42608364699520	0.73726680876117
25.283000000000	0.43150727168971	0.73353775536680
25.290000000000	0.43692176560387	0.72975550581616
25.297000000000	0.44232652348528	0.72591987037664
25.304000000000	0.44772093292564	0.72203066647605
25.311000000000	0.45310437442380	0.71808771889518
25.318000000000	0.45847622145364	0.71409085996106
25.325000000000	0.46383584053680	0.71003992974079
25.332000000000	0.46918259132043	0.70593477623597
25.339000000000	0.47451582665992	0.70177525557740
25.346000000000	0.47983489270667	0.69756123222015
25.353000000000	0.48513912900121	0.69329257913865
25.360000000000	0.49042786857137	0.68896917802186
25.367000000000	0.49570043803584	0.68459091946825
25.374000000000	0.50095615771313	0.68015770318057
25.381000000000	0.50619434173581	0.67566943816017
25.388000000000	0.51141429817037	0.67112604290076
25.395000000000	0.51661532914256	0.66652744558146
25.402000000000	0.52179673096820	0.66187358425904
25.409000000000	0.52695779428978	0.65716440705906
25.416000000000	0.53209780421853	0.65239987236594
25.423000000000	0.53721604048231	0.64757994901160
25.430000000000	0.54231177757913	0.64270461646268
25.437000000000	0.54738428493648	0.63777386500601
25.444000000000	0.55243282707633	0.63278769593233
25.451000000000	0.55745666378599	0.62774612171793
25.458000000000	0.56245505029471	0.62264916620413
25.465000000000	0.56742723745608	0.61749686477436
25.472000000000	0.57237247193622	0.61228926452875
25.479000000000	0.57728999640777	0.60702642445593
25.486000000000	0.58217904974961	0.60170841560190
25.493000000000	0.58703886725237	0.59633532123586
25.500000000000	0.59186868082968	0.59090723701269
25.507000000000	0.59666771923509	0.58542427113192
25.514000000000	0.60143520828466	0.57988654449310
25.521000000000	0.60617037108516	0.57429419084721
25.528000000000	0.61087242826792	0.56864735694403
25.535000000000	0.61554059822807	0.56294620267528
25.542000000000	0.62017409736935	0.55719090121327
25.549000000000	0.62477214035420	0.55138163914486
25.556000000000	0.62933394035924	0.54551861660064
25.563000000000	0.63385870933597	0.53960204737902
25.570000000000	0.63834565827648	0.53363215906508
25.577000000000	0.64279399748439	0.52760919314400
25.584000000000	0.64720293685051	0.52153340510886
25.591000000000	0.65157168613352	0.51540506456259
25.598000000000	0.65589945524514	0.50922445531395
25.605000000000	0.66018545454000	0.50299187546730
25.612000000000	0.66442889510995	0.49670763750598
25.619000000000	0.66862898908252	0.49037206836910
25.626000000000	0.67278494992368	0.48398550952166
25.633000000000	0.67689599274448	0.47754831701765
25.640000000000	0.68096133461154	0.47106086155612
25.647000000000	0.68498019486114	0.46452352852995
25.654000000000	0.68895179541686	0.45793671806721
25.661000000000	0.69287536111042	0.45130084506488
25.668000000000	0.69675012000561	0.44461633921489
25.675000000000	0.70057530372514	0.43788364502218
25.682000000000	0.70435014778014	0.43110322181477
25.689000000000	0.70807389190210	0.42427554374560
25.696000000000	0.71174578037708	0.41740109978608
25.703000000000	0.71536506238195	0.41048039371113
25.710000000000	0.71893099232232	0.40351394407572
25.717000000000	0.72244283017215	0.39650228418267
25.724000000000	0.72589984181447	0.38944596204163
25.731000000000	0.72930129938334	0.38234554031926
25.738000000000	0.73264648160642	0.37520159628027
25.745000000000	0.73593467414820	0.36801472171954
25.752000000000	0.73916516995340	0.36078552288497
25.759000000000	0.74233726959037	0.35351462039117
25.766000000000	0.74545028159427	0.34620264912385
25.773000000000	0.74850352280957	0.33885025813492
25.780000000000	0.75149631873181	0.33145811052813
25.787000000000	0.75442800384815	0.32402688333542
25.794000000000	0.75729792197648	0.31655726738379
25.801000000000	0.76010542660294	0.30904996715269
25.808000000000	0.76284988121724	0.30150570062214
25.815000000000	0.76553065964585	0.29392519911120
25.822000000000	0.76814714638245	0.28630920710723
25.829000000000	0.77069873691558	0.27865848208563
25.836000000000	0.77318483805302	0.27097379432037
25.843000000000	0.77560486824269	0.26325592668511
25.850000000000	0.77795825788978	0.25550567444519
25.857000000000	0.78024444966977	0.24772384504042
25.864000000000	0.78246289883700	0.23991125785882
25.871000000000	0.78461307352865	0.23206874400139
25.878000000000	0.78669445506368	0.22419714603797
25.885000000000	0.78870653823650	0.21629731775443
25.892000000000	0.79064883160508	0.20837012389114
25.899000000000	0.79252085777326	0.20041643987301
25.906000000000	0.79432215366691	0.19243715153119
25.913000000000	0.79605227080362	0.18443315481656
25.920000000000	0.79771077555587	0.17640535550522
25.927000000000	0.79929724940718	0.16835466889613
25.934000000000	0.80081128920099	0.16028201950118
25.941000000000	0.80225250738230	0.15218834072769
25.948000000000	0.80362053223140	0.14407457455379
25.955000000000	0.80491500808983	0.13594167119672
25.962000000000	0.80613559557806	0.12779058877434
25.969000000000	0.80728197180493	0.11962229296011
25.976000000000	0.80835383056832	0.11143775663176
25.983000000000	0.80935088254717	0.10323795951384
25.990000000000	0.81027285548443	0.095023887814529
25.997000000000	0.81111949436084	0.086796533856928
26.000000000000	0.81145921864180	0.083266706160091
26.004000000000	0.81189056155935	0.078556895705002
26.011000000000	0.81258583702009	0.070305976784600
26.018000000000	0.81320511838555	0.062044785499778
26.025000000000	0.81374822113607	0.053774334844663
26.032000000000	0.81421497871533	0.045495642011247
26.039000000000	0.81460524264581	0.037209727993316
26.046000000000	0.81491888263411	0.028917617186857
26.053000000000	0.81515578666598	0.020620336987261
26.060000000000	0.81531586109107	0.012318917383547
26.067000000000	0.81539903069734	0.0040143905500162
26.074000000000	0.81540523877494	-0.0042922095645024
26.081000000000	0.81533444716970	-0.012599847649374
26.088000000000	0.81518663632611	-0.020907487446681
26.095000000000	0.81496180531985	-0.029214092167207
26.102000000000	0.81465997187973	-0.037518624907575
26.109000000000	0.81428117239926	-0.045820049068346
26.116000000000	0.81382546193778	-0.054117328772782
26.123000000000	0.81329291421112	-0.062409429285985
26.130000000000	0.81268362157198	-0.070695317434291
26.137000000000	0.81199769498007	-0.078973962024579
26.144000000000	0.81123526396195	-0.087244334263435
26.151000000000	0.81039647656086	-0.095505408175871
26.158000000000	0.80948149927646	-0.10375616102357
26.165000000000	0.80849051699460	-0.11199557372247
26.172000000000	0.80742373290725	-0.12022263125965
26.179000000000	0.80628136842266	-0.12843632310944
26.186000000000	0.80506366306571	-0.13663564364876
26.193000000000	0.80377087436863	-0.14481959257178
26.200000000000	0.80240327775202	-0.15298717530382
26.207000000000	0.80096116639612	-0.16113740341488
26.214000000000	0.79944485110231	-0.16926929503279
26.221000000000	0.79785466014474	-0.17738187525619
26.228000000000	0.79619093911165	-0.18547417656785
26.235000000000	0.79445405073634	-0.19354523924842
26.242000000000	0.79264437471716	-0.20159411179120
26.249000000000	0.79076230752587	-0.20961985131818
26.256000000000	0.78880826220382	-0.21762152399794
26.263000000000	0.78678266814470	-0.22559820546579
26.270000000000	0.78468597086275	-0.23354898124656
26.277000000000	0.78251863174490	-0.24147294718042
26.284000000000	0.78028112778492	-0.24936920985205
26.291000000000	0.77797395129746	-0.25723688702303
26.298000000000	0.77559760960920	-0.26507510806742
26.305000000000	0.77315262472424	-0.27288301440983
26.312000000000	0.77063953296016	-0.28065975996493
26.319000000000	0.76805888455082	-0.28840451157651
26.326000000000	0.76541124321171	-0.29611644945360
26.333000000000	0.76269718566318	-0.30379476759978
26.340000000000	0.75991730110684	-0.31143867423063
26.347000000000	0.75707219065059	-0.31904739217280
26.354000000000	0.75416246667796	-0.32662015923621
26.361000000000	0.75118875215838	-0.33415622854877
26.368000000000	0.74815167989661	-0.34165486884117
26.375000000000	0.74505189172132	-0.34911536466665
26.382000000000	0.74189003761621	-0.35653701653889
26.389000000000	0.73866677480076	-0.36391914096915
26.396000000000	0.73538276677288	-0.37126107038309
26.403000000000	0.73203868233142	-0.37856215289758
26.410000000000	0.72863519460372	-0.38582175193963
26.417000000000	0.72517298011023	-0.39303924569321
26.424000000000	0.72165271790574	-0.40021402636617
26.431000000000	0.71807508884281	-0.40734549927825
26.438000000000	0.71444077500743	-0.41443308178357
26.445000000000	0.71075045937818	-0.42147620205509
26.452000000000	0.70700482575693	-0.42847429777519
26.459000000000	0.70320455901047	-0.43542681479314
26.466000000000	0.69935034564823	-0.44233320582566
26.473000000000	0.69544287474016	-0.44919292928838
26.480000000000	0.69148283915378	-0.45600544835134
26.487000000000	0.68747093706089	-0.46277023030921
26.494000000000	0.68340787363584	-0.46948674634420
26.500000000000	0.67988506852122	-0.47520494648456
26.501000000000	0.67929436284283	-0.47615447173758
26.508000000000	0.67513112919242	-0.48277288655499
26.515000000000	0.67091890934033	-0.48934147679443
26.522000000000	0.66665845340766	-0.49585973594801
26.529000000000	0.66235052591954	-0.50232716689346
26.536000000000	0.65799590628806	-0.50874328400474
26.543000000000	0.65359538880187	-0.51510761535453
26.550000000000	0.64914978212340	-0.52141970487829
26.557000000000	0.64465990833197	-0.52767911437893
26.564000000000	0.64012660158145	-0.53388542527153
26.571000000000	0.63555070646288	-0.54003823999470
26.578000000000	0.63093307617309	-0.54613718304660
26.585000000000	0.62627457059114	-0.55218190163410
26.592000000000	0.62157605435595	-0.55817206595065
26.599000000000	0.61683839502399	-0.56410736911933
26.606000000000	0.61206246136761	-0.56998752685226
26.613000000000	0.60724912185495	-0.57581227688485
26.620000000000	0.60239924333423	-0.58158137824481
26.627000000000	0.59751368992888	-0.58729461041297
26.634000000000	0.59259332213751	-0.59295177242596
26.641000000000	0.58763899612314	-0.59855268196307
26.648000000000	0.58265156317046	-0.60409717444983
26.655000000000	0.57763186928674	-0.60958510220287
26.662000000000	0.57258075492109	-0.61501633363187
26.669000000000	0.56749905477818	-0.62039075250811
26.676000000000	0.56238759770401	-0.62570825730368
26.683000000000	0.55724720662455	-0.63096876060080
26.690000000000	0.55207869852079	-0.63617218856828
26.697000000000	0.54688288442676	-0.64131848049994
26.704000000000	0.54166056943999	-0.64640758840838
26.711000000000	0.53641255273618	-0.65143947666773
26.718000000000	0.53113962758232	-0.65641412169802
26.725000000000	0.52584258134394	-0.66133151168493
26.732000000000	0.52052219548390	-0.66619164632859
26.739000000000	0.51517924555123	-0.67099453661607
26.746000000000	0.50981450115930	-0.67574020461256
26.753000000000	0.50442872595335	-0.68042868326715
26.760000000000	0.49902267756793	-0.68506001622963
26.767000000000	0.49359710757492	-0.68963425767524
26.774000000000	0.48815276142324	-0.69415147213508
26.781000000000	0.48269037837132	-0.69861173433005
26.788000000000	0.47721069141344	-0.70301512900677
26.795000000000	0.47171442720113	-0.70736175077427
26.802000000000	0.46620230596065	-0.71165170394058
26.809000000000	0.46067504140778	-0.71588510234828
26.816000000000	0.45513334066061	-0.72006206920879
26.823000000000	0.44957790415140	-0.72418273693491
26.830000000000	0.44400942553825	-0.72824724697138
26.837000000000	0.43842859161729	-0.73225574962350
26.844000000000	0.43283608223597	-0.73620840388361
26.851000000000	0.42723257020805	-0.74010537725568
26.858000000000	0.42161872123077	-0.74394684557797
26.865000000000	0.41599519380450	-0.74773299284388
26.872000000000	0.41036263915534	-0.75146401102133
26.879000000000	0.40472170116099	-0.75514009987060
26.886000000000	0.39907301627988	-0.75876146676108
26.893000000000	0.39341721348412	-0.76232832648686
26.900000000000	0.38775491419610	-0.76584090108166
26.907000000000	0.38208673222910	-0.76929941963305
26.914000000000	0.37641327373192	-0.77270411809628
26.921000000000	0.37073513713748	-0.77605523910793
26.928000000000	0.36505291311568	-0.77935303179952
26.935000000000	0.35936718453036	-0.78259775161122
26.942000000000	0.35367852640040	-0.78578966010605
26.949000000000	0.34798750586500	-0.78892902478440
26.956000000000	0.34229468215304	-0.79201611889934
26.963000000000	0.33660060655666	-0.79505122127270
26.970000000000	0.33090582240869	-0.79803461611215
26.977000000000	0.32521086506427	-0.80096659282931
26.984000000000	0.31951626188630	-0.80384744585911
26.991000000000	0.31382253223477	-0.80667747448056
26.998000000000	0.30813018745993	-0.80945698263889
27.000000000000	0.30650412824179	-0.81024189161186
27.005000000000	0.30243973089916	-0.81218627876928
27.012000000000	0.29675165787747	-0.81486567562228
27.019000000000	0.29106645571157	-0.81749549009096
27.026000000000	0.28538460371743	-0.82007604303990
27.033000000000	0.27970657322118	-0.82260765913611
27.040000000000	0.27403282757336	-0.82509066668195
27.047000000000	0.26836382216633	-0.82752539745009
27.054000000000	0.26270000445480	-0.82991218652061
27.061000000000	0.25704181397939	-0.83225137212030
27.068000000000	0.25138968239312	-0.83454329546417
27.075000000000	0.24574403349067	-0.83678830059927
27.082000000000	0.24010528324046	-0.83898673425080
27.089000000000	0.23447383981934	-0.84113894567065
27.096000000000	0.22885010364980	-0.84324528648826
27.103000000000	0.22323446743967	-0.84530611056403
27.110000000000	0.21762731622418	-0.84732177384508
27.117000000000	0.21202902741029	-0.84929263422359
27.124000000000	0.20643997082324	-0.85121905139756
27.131000000000	0.20086050875511	-0.85310138673420
27.138000000000	0.19529099601547	-0.85494000313579
27.145000000000	0.18973177998393	-0.85673526490811
27.152000000000	0.18418320066451	-0.85848753763145
27.159000000000	0.17864559074177	-0.86019718803416
27.166000000000	0.17311927563862	-0.86186458386885
27.173000000000	0.16760457357567	-0.86349009379104
27.180000000000	0.16210179563217	-0.86507408724050
27.187000000000	0.15661124580828	-0.86661693432512
27.194000000000	0.15113322108880	-0.86811900570730
27.201000000000	0.14566801150805	-0.86958067249300
27.208000000000	0.14021590021605	-0.87100230612325
27.215000000000	0.13477716354583	-0.87238427826823
27.222000000000	0.12935207108167	-0.87372696072389
27.229000000000	0.12394088572853	-0.87503072531110
27.236000000000	0.11854386378218	-0.87629594377719
27.243000000000	0.11316125500041	-0.87752298770016
27.250000000000	0.10779330267480	-0.87871222839514
27.257000000000	0.10244024370341	-0.87986403682346
27.264000000000	0.097102308664035	-0.88097878350403
27.271000000000	0.091779721888058	-0.88205683842720
27.278000000000	0.086472701534903	-0.88309857097093
27.285000000000	0.081181459666951	-0.88410434981934
27.292000000000	0.075906202324883	-0.88507454288361
27.299000000000	0.070647129603408	-0.88600951722511
27.306000000000	0.065404435727343	-0.88690963898089
27.313000000000	0.060178309127945	-0.88777527329135
27.320000000000	0.054968932519475	-0.88860678423015
27.327000000000	0.049776482975975	-0.88940453473633
27.334000000000	0.044601132008139	-0.89016888654852
27.341000000000	0.039443045640318	-0.89090020014140
27.348000000000	0.034302384487535	-0.89159883466412
27.355000000000	0.029179303832552	-0.89226514788087
27.362000000000	0.024073953702868	-0.89289949611349
27.369000000000	0.018986478947661	-0.89350223418606
27.376000000000	0.013917019314633	-0.89407371537145
27.383000000000	0.0088657095266993	-0.89461429133983
27.390000000000	0.0038326793584962	-0.89512431210910
27.397000000000	-0.0011819462873105	-0.89560412599718
27.404000000000	-0.0061780473039588	-0.89605407957613
27.411000000000	-0.011155508304808	-0.89647451762813
27.418000000000	-0.016114218547860	-0.89686578310316
27.425000000000	-0.021054071860594	-0.89722821707850
27.432000000000	-0.025974966565174	-0.89756215871989
27.439000000000	-0.030876805404045	-0.89786794524441
27.446000000000	-0.035759495465915	-0.89814591188495
27.453000000000	-0.040622948112197	-0.89839639185637
27.460000000000	-0.045467078903875	-0.89861971632315
27.467000000000	-0.050291807528883	-0.89881621436868
27.474000000000	-0.055097057729935	-0.89898621296598
27.481000000000	-0.059882757232910	-0.89913003694998
27.488000000000	-0.064648837675753	-0.89924800899117
27.495000000000	-0.069395234537918	-0.89934044957075
27.502000000000	-0.074121887070394	-0.89940767695712
27.509000000000	-0.078828738226312	-0.89945000718372
27.516000000000	-0.083515734592133	-0.89946775402822
27.523000000000	-0.088182826319470	-0.89946122899299
27.530000000000	-0.092829967057503	-0.89943074128687
27.537000000000	-0.097457113886070	-0.89937659780806
27.544000000000	-0.10206422724936	-0.89929910312837
27.551000000000	-0.10665127089029	-0.89919855947852
27.558000000000	-0.11121821178556	-0.89907526673466
27.565000000000	-0.11576502008133	-0.89892952240594
27.572000000000	-0.12029166902965	-0.89876162162319
27.579000000000	-0.12479813492551	-0.89857185712873
27.586000000000	-0.12928439704466	-0.89836051926707
27.593000000000	-0.13375043758208	-0.89812789597672
27.600000000000	-0.13819624159116	-0.89787427278295
27.607000000000	-0.14262179692364	-0.89759993279147
27.614000000000	-0.14702709417021	-0.89730515668304
27.621000000000	-0.15141212660186	-0.89699022270904
27.628000000000	-0.15577689011198	-0.89665540668778
27.635000000000	-0.16012138315914	-0.89630098200180
27.642000000000	-0.16444560671061	-0.89592721959586
27.649000000000	-0.16874956418665	-0.89553438797581
27.656000000000	-0.17303326140550	-0.89512275320824
27.663000000000	-0.17729670652907	-0.89469257892075
27.670000000000	-0.18153991000944	-0.89424412630315
27.677000000000	-0.18576288453607	-0.89377765410916
27.684000000000	-0.18996564498366	-0.89329341865892
27.691000000000	-0.19414820836086	-0.89279167384211
27.698000000000	-0.19831059375966	-0.89227267112169
27.705000000000	-0.20245282230549	-0.89173665953829
27.712000000000	-0.20657491710804	-0.89118388571519
27.719000000000	-0.21067690321290	-0.89061459386384
27.726000000000	-0.21475880755377	-0.89002902578997
27.733000000000	-0.21882065890554	-0.88942742090018
27.740000000000	-0.22286248783793	-0.88881001620915
27.747000000000	-0.22688432667003	-0.88817704634722
27.754000000000	-0.23088620942535	-0.88752874356853
27.761000000000	-0.23486817178772	-0.88686533775960
27.768000000000	-0.23883025105784	-0.88618705644835
27.775000000000	-0.24277248611050	-0.88549412481350
27.782000000000	-0.24669491735252	-0.88478676569450
27.789000000000	-0.25059758668139	-0.88406519960169
27.796000000000	-0.25448053744455	-0.88332964472699
27.803000000000	-0.25834381439938	-0.88258031695482
27.810000000000	-0.26218746367384	-0.88181742987346
27.817000000000	-0.26601153272781	-0.88104119478668
27.824000000000	-0.26981607031500	-0.88025182072574
27.831000000000	-0.27360112644565	-0.87944951446161
27.838000000000	-0.27736675234975	-0.87863448051757
27.845000000000	-0.28111300044098	-0.87780692118202
27.852000000000	-0.28483992428125	-0.87696703652156
27.859000000000	-0.28854757854588	-0.87611502439435
27.866000000000	-0.29223601898939	-0.87525108046366
27.873000000000	-0.29590530241194	-0.87437539821167
27.880000000000	-0.29955548662633	-0.87348816895350
27.887000000000	-0.30318663042567	-0.87258958185135
27.894000000000	-0.30679879355154	-0.87167982392897
27.901000000000	-0.31039203666286	-0.87075908008618
27.908000000000	-0.31396642130529	-0.86982753311359
27.915000000000	-0.31752200988115	-0.86888536370756
27.922000000000	-0.32105886562003	-0.86793275048515
27.929000000000	-0.32457705254984	-0.86696986999935
27.936000000000	-0.32807663546851	-0.86599689675437
27.943000000000	-0.33155767991619	-0.86501400322101
27.950000000000	-0.33502025214797	-0.86402135985225
27.957000000000	-0.33846441910722	-0.86301913509883
27.964000000000	-0.34189024839936	-0.86200749542496
27.971000000000	-0.34529780826620	-0.86098660532414
27.978000000000	-0.34868716756083	-0.85995662733502
27.985000000000	-0.35205839572289	-0.85891772205731
27.992000000000	-0.35541156275453	-0.85787004816782
27.999000000000	-0.35874673919664	-0.85681376243648
28.006000000000	-0.36206399610580	-0.85574901974245
28.013000000000	-0.36536340503151	-0.85467597309021
28.020000000000	-0.36864503799399	-0.85359477362578
28.027000000000	-0.37190896746246	-0.85250557065289
28.034000000000	-0.37515526633382	-0.85140851164914
28.041000000000	-0.37838400791181	-0.85030374228229
28.048000000000	-0.38159526588663	-0.84919140642645
28.055000000000	-0.38478911431496	-0.84807164617830
28.062000000000	-0.38796562760048	-0.84694460187335
28.069000000000	-0.39112488047469	-0.84581041210211
28.076000000000	-0.39426694797832	-0.84466921372634
28.083000000000	-0.39739190544297	-0.84352114189520
28.090000000000	-0.40049982847333	-0.84236633006143
28.097000000000	-0.40359079292965	-0.84120490999747
28.104000000000	-0.40666487491069	-0.84003701181156
28.111000000000	-0.40972215073702	-0.83886276396382
28.118000000000	-0.41276269693473	-0.83768229328225
28.125000000000	-0.41578659021950	-0.83649572497874
28.132000000000	-0.41879390748099	-0.83530318266496
28.139000000000	-0.42178472576768	-0.83410478836828
28.146000000000	-0.42475912227199	-0.83290066254759
28.153000000000	-0.42771717431581	-0.83169092410902
28.160000000000	-0.43065895933631	-0.83047569042171
28.167000000000	-0.43358455487210	-0.82925507733341
28.174000000000	-0.43649403854982	-0.82802919918608
28.181000000000	-0.43938748807089	-0.82679816883137
28.188000000000	-0.44226498119872	-0.82556209764606
28.195000000000	-0.44512659574615	-0.82432109554744
28.202000000000	-0.44797240956325	-0.82307527100854
28.209000000000	-0.45080250052539	-0.82182473107337
28.216000000000	-0.45361694652163	-0.82056958137205
28.223000000000	-0.45641582544339	-0.81930992613578
28.230000000000	-0.45919921517339	-0.81804586821185
28.237000000000	-0.46196719357495	-0.81677750907847
28.244000000000	-0.46471983848143	-0.81550494885956
28.251000000000	-0.46745722768610	-0.81422828633939
28.258000000000	-0.47017943893214	-0.81294761897722
28.265000000000	-0.47288654990299	-0.81166304292175
28.272000000000	-0.47557863821290	-0.81037465302552
28.279000000000	-0.47825578139780	-0.80908254285924
28.286000000000	-0.48091805690634	-0.80778680472596
28.293000000000	-0.48356554209122	-0.80648752967517
28.300000000000	-0.48619831420077	-0.80518480751683
28.307000000000	-0.48881645037068	-0.80387872683523
28.314000000000	-0.49142002761608	-0.80256937500282
28.321000000000	-0.49400912282374	-0.80125683819388
28.328000000000	-0.49658381274458	-0.79994120139813
28.335000000000	-0.49914417398629	-0.79862254843419
28.342000000000	-0.50169028300627	-0.79730096196297
28.349000000000	-0.50422221610468	-0.79597652350095
28.356000000000	-0.50674004941779	-0.79464931343335
28.363000000000	-0.50924385891145	-0.79331941102713
28.370000000000	-0.51173372037478	-0.79198689444404
28.377000000000	-0.51420970941407	-0.79065184075337
28.384000000000	-0.51667190144685	-0.78931432594475
28.391000000000	-0.51912037169613	-0.78797442494072
28.398000000000	-0.52155519518485	-0.78663221160928
28.405000000000	-0.52397644673049	-0.78528775877632
28.412000000000	-0.52638420093986	-0.78394113823784
28.419000000000	-0.52877853220404	-0.78259242077222
28.426000000000	-0.53115951469348	-0.78124167615225
28.433000000000	-0.53352722235333	-0.77988897315712
28.440000000000	-0.53588172889882	-0.77853437958427
28.447000000000	-0.53822310781089	-0.77717796226114
28.454000000000	-0.54055143233194	-0.77581978705683
28.461000000000	-0.54286677546167	-0.77445991889360
28.468000000000	-0.54516920995318	-0.77309842175832
28.475000000000	-0.54745880830910	-0.77173535871376
28.482000000000	-0.54973564277795	-0.77037079190983
28.489000000000	-0.55199978535056	-0.76900478259464
28.496000000000	-0.55425130775668	-0.76763739112552
28.503000000000	-0.55649028146169	-0.76626867697986
28.510000000000	-0.55871677766344	-0.76489869876593
28.517000000000	-0.56093086728922	-0.76352751423352
28.524000000000	-0.56313262099287	-0.76215518028451
28.531000000000	-0.56532210915196	-0.76078175298331
28.538000000000	-0.56749940186514	-0.75940728756723
28.545000000000	-0.56966456894956	-0.75803183845668
28.552000000000	-0.57181767993844	-0.75665545926538
28.559000000000	-0.57395880407872	-0.75527820281031
28.566000000000	-0.57608801032883	-0.75390012112170
28.573000000000	-0.57820536735654	-0.75252126545281
28.580000000000	-0.58031094353697	-0.75114168628969
28.587000000000	-0.58240480695060	-0.74976143336079
28.594000000000	-0.58448702538150	-0.74838055564646
28.601000000000	-0.58655766631555	-0.74699910138839
28.608000000000	-0.58861679693881	-0.74561711809889
28.615000000000	-0.59066448413592	-0.74423465257016
28.622000000000	-0.59270079448872	-0.74285175088337
28.629000000000	-0.59472579427476	-0.74146845841768
28.636000000000	-0.59673954946608	-0.74008481985917
28.643000000000	-0.59874212572794	-0.73870087920965
28.650000000000	-0.60073358841769	-0.73731667979542
28.657000000000	-0.60271400258376	-0.73593226427585
28.664000000000	-0.60468343296458	-0.73454767465194
28.671000000000	-0.60664194398776	-0.73316295227476
28.678000000000	-0.60858959976917	-0.73177813785379
28.685000000000	-0.61052646411224	-0.73039327146519
28.692000000000	-0.61245260050721	-0.72900839255991
28.699000000000	-0.61436807213052	-0.72762353997182
28.706000000000	-0.61627294184421	-0.72623875192565
28.713000000000	-0.61816727219547	-0.72485406604487
28.720000000000	-0.62005112541614	-0.72346951935949
28.727000000000	-0.62192456342235	-0.72208514831381
28.734000000000	-0.62378764781420	-0.72070098877397
28.741000000000	-0.62564043987547	-0.71931707603551
28.748000000000	-0.62748300057344	-0.71793344483084
28.755000000000	-0.62931539055870	-0.71655012933656
28.762000000000	-0.63113767016505	-0.71516716318074
28.769000000000	-0.63294989940948	-0.71378457945012
28.776000000000	-0.63475213799210	-0.71240241069720
28.783000000000	-0.63654444529627	-0.71102068894729
28.790000000000	-0.63832688038860	-0.70963944570540
28.797000000000	-0.64009950201916	-0.70825871196314
28.804000000000	-0.64186236862162	-0.70687851820547
28.811000000000	-0.64361553831351	-0.70549889441741
28.818000000000	-0.64535906889643	-0.70411987009063
28.825000000000	-0.64709301785644	-0.70274147423005
28.832000000000	-0.64881744236435	-0.70136373536021
28.839000000000	-0.65053239927610	-0.69998668153173
28.846000000000	-0.65223794513325	-0.69861034032757
28.853000000000	-0.65393413616337	-0.69723473886930
28.860000000000	-0.65562102828058	-0.69585990382320
28.867000000000	-0.65729867708608	-0.69448586140639
28.874000000000	-0.65896713786869	-0.69311263739283
28.881000000000	-0.66062646560547	-0.69174025711922
28.888000000000	-0.66227671496235	-0.69036874549091
28.895000000000	-0.66391794029477	-0.68899812698767
28.902000000000	-0.66555019564839	-0.68762842566941
28.909000000000	-0.66717353475979	-0.68625966518181
28.916000000000	-0.66878801105724	-0.68489186876196
28.923000000000	-0.67039367766145	-0.68352505924383
28.930000000000	-0.67199058738636	-0.68215925906371
28.937000000000	-0.67357879274000	-0.68079449026562
28.944000000000	-0.67515834592532	-0.67943077450661
28.951000000000	-0.67672929884103	-0.67806813306199
28.958000000000	-0.67829170308255	-0.67670658683055
28.965000000000	-0.67984560994287	-0.67534615633963
28.972000000000	-0.68139107041355	-0.67398686175023
28.979000000000	-0.68292813518562	-0.67262872286195
28.986000000000	-0.68445685465057	-0.67127175911795
28.993000000000	-0.68597727890139	-0.66991598960982
29.000000000000	-0.68748945773350	-0.66856143308238
