#Parameters = {C=4.48e-14; C_off=4.48e-14; C_on=0; H_add_decoupl=0.338; Hair=10; Hair_lower=10; Hpre1=0.204; Hpre1_2=0.306; Hsub1=0.508; Hsub_add1=0.168; Hsub_bottom=0.101; Hsub_top2=0.762; L=0; L1=0.02; L2_buf=0.26; L_add_cut=0.66; L_off=0; L_on=1.3e-10; L_stub_low=1.5; Ldiode=0.3302; Lline_low=1; Lp=1.52; Period_wall=0.5; Px=5; R=2.5; R_bottom_in=0.86; R_bottom_out=0.96; R_inner_bottom_ring=0.96; R_off=2.5; R_on=5.2; R_out_bottom_ring=1.11; Sigma_copper=58000000; W_ring_inner=0.15; WcircleInner_2=0.4; Wcut=0.9; Wp=1.52; X1Stub=-1.15; angle_stub=30; delta=0.3; deltaHAdd=0.101; deltaL1=0.14; deltaR2=0.15; deltaRCircle=0.2; deltaStubY=0.1; deltaStubY_top=0.3; delta_annual_ring=0.1; delta_edge=0.1; delta_via=0.9; delta_via_screen_center=0.25; h2_fr4=0.25; h2_prepreg=0.138; hSub=1.067; hfr4=0.102; l_add=0.76; phi=0; r_area=0.2; r_area_center=0.225; r_bottom_2=1.8; r_circle=0; r_out1=0; r_par=0.1; r_par_w=0.05; r_per=0.1; r_rez=0; r_road=0.05; r_shaped=1.15; r_shaped_2=1.2; r_shaped_low=1.2; r_via=0.1; r_via_center=0.125; r_via_wall=0.1; rad_circle=0.65; rez=0; roughness=0.0028; t_pog=0; th=0.018; th2=0.204; th3=0.5; th_top=0.07; theta=45; wDiode=0.3048; w_add=0.1; wstub=0.2}
#"Frequency / GHz"	"SZmax(1),Zmax(1) (theta=45) [Real/Imaginary Part] [Re]"	"SZmax(1),Zmax(1) (theta=45) [Real/Imaginary Part] [Im]"
#-----------------------------------------------------------------------------------------------------------------------------------
22.000000000000	-0.84520416130969	0.073432269113781
22.007000000000	-0.84711702430467	0.078513544377397
22.014000000000	-0.84893685128506	0.083544828850197
22.021000000000	-0.85066694759255	0.088526080500668
22.028000000000	-0.85231049894946	0.093457329078827
22.035000000000	-0.85387057499022	0.098338669779049
22.042000000000	-0.85535013279640	0.10317025735195
22.049000000000	-0.85675202041925	0.10795230063715
22.056000000000	-0.85807898037615	0.11268505749068
22.063000000000	-0.85933365310921	0.11736883008177
22.070000000000	-0.86051858039599	0.12200396053474
22.077000000000	-0.86163620870412	0.12659082689405
22.084000000000	-0.86268889248284	0.13112983939077
22.091000000000	-0.86367889738558	0.13562143699022
22.098000000000	-0.86460840341924	0.14006608420242
22.105000000000	-0.86547950801632	0.14446426813674
22.112000000000	-0.86629422902715	0.14881649578465
22.119000000000	-0.86705450763049	0.15312329151471
22.126000000000	-0.86776221116051	0.15738519476453
22.133000000000	-0.86841913585005	0.16160275791702
22.140000000000	-0.86902700948925	0.16577654434657
22.147000000000	-0.86958749400024	0.16990712662445
22.154000000000	-0.87010218792768	0.17399508487111
22.161000000000	-0.87057262884674	0.17804100524533
22.168000000000	-0.87100029568888	0.18204547856053
22.175000000000	-0.87138661098724	0.18600909901808
22.182000000000	-0.87173294304281	0.18993246305068
22.189000000000	-0.87204060801299	0.19381616826592
22.196000000000	-0.87231087192462	0.19766081248420
22.203000000000	-0.87254495261297	0.20146699286310
22.210000000000	-0.87274402158869	0.20523530510211
22.217000000000	-0.87290920583487	0.20896634272144
22.224000000000	-0.87304158953610	0.21266069640996
22.231000000000	-0.87314221574148	0.21631895343620
22.238000000000	-0.87321208796382	0.21994169711819
22.245000000000	-0.87325217171697	0.22352950634754
22.252000000000	-0.87326339599337	0.22708295516339
22.259000000000	-0.87324665468369	0.23060261237250
22.266000000000	-0.87320280794085	0.23408904121200
22.273000000000	-0.87313268349008	0.23754279905115
22.280000000000	-0.87303707788718	0.24096443712929
22.287000000000	-0.87291675772667	0.24435450032698
22.294000000000	-0.87277246080188	0.24771352696774
22.301000000000	-0.87260489721863	0.25104204864767
22.308000000000	-0.87241475046433	0.25434059009112
22.315000000000	-0.87220267843418	0.25760966902974
22.322000000000	-0.87196931441610	0.26084979610343
22.329000000000	-0.87171526803606	0.26406147478098
22.336000000000	-0.87144112616534	0.26724520129905
22.343000000000	-0.87114745379121	0.27040146461750
22.350000000000	-0.87083479485244	0.27353074639013
22.357000000000	-0.87050367304117	0.27663352094908
22.364000000000	-0.87015459257237	0.27971025530178
22.371000000000	-0.86978803892227	0.28276140913945
22.378000000000	-0.86940447953697	0.28578743485590
22.385000000000	-0.86900436451252	0.28878877757562
22.392000000000	-0.86858812724750	0.29176587519051
22.399000000000	-0.86815618506936	0.29471915840412
22.406000000000	-0.86770893983558	0.29764905078286
22.413000000000	-0.86724677851055	0.30055596881327
22.420000000000	-0.86677007371935	0.30344032196491
22.427000000000	-0.86627918427929	0.30630251275794
22.434000000000	-0.86577445571004	0.30914293683535
22.441000000000	-0.86525622072356	0.31196198303870
22.448000000000	-0.86472479969415	0.31476003348739
22.455000000000	-0.86418050111000	0.31753746366080
22.462000000000	-0.86362362200655	0.32029464248295
22.469000000000	-0.86305444838269	0.32303193240927
22.476000000000	-0.86247325560043	0.32574968951526
22.483000000000	-0.86188030876865	0.32844826358654
22.490000000000	-0.86127586311176	0.33112799821028
22.497000000000	-0.86066016432369	0.33378923086733
22.504000000000	-0.86003344890796	0.33643229302543
22.511000000000	-0.85939594450438	0.33905751023253
22.518000000000	-0.85874787020291	0.34166520221077
22.525000000000	-0.85808943684513	0.34425568295032
22.532000000000	-0.85742084731409	0.34682926080334
22.539000000000	-0.85674229681265	0.34938623857770
22.546000000000	-0.85605397313109	0.35192691363038
22.553000000000	-0.85535605690430	0.35445157796045
22.560000000000	-0.85464872185894	0.35696051830144
22.567000000000	-0.85393213505113	0.35945401621314
22.574000000000	-0.85320645709482	0.36193234817262
22.581000000000	-0.85247184238152	0.36439578566437
22.588000000000	-0.85172843929141	0.36684459526970
22.595000000000	-0.85097639039652	0.36927903875498
22.602000000000	-0.85021583265597	0.37169937315909
22.609000000000	-0.84944689760388	0.37410585087963
22.616000000000	-0.84866971153005	0.37649871975811
22.623000000000	-0.84788439565378	0.37887822316400
22.630000000000	-0.84709106629109	0.38124460007762
22.637000000000	-0.84628983501566	0.38359808517173
22.644000000000	-0.84548080881360	0.38593890889206
22.651000000000	-0.84466409023246	0.38826729753648
22.658000000000	-0.84383977752461	0.39058347333292
22.665000000000	-0.84300796478523	0.39288765451610
22.672000000000	-0.84216874208515	0.39518005540289
22.679000000000	-0.84132219559873	0.39746088646646
22.686000000000	-0.84046840772692	0.39973035440910
22.693000000000	-0.83960745721583	0.40198866223379
22.700000000000	-0.83873941927080	0.40423600931443
22.707000000000	-0.83786436566636	0.40647259146487
22.714000000000	-0.83698236485195	0.40869860100655
22.721000000000	-0.83609348205395	0.41091422683502
22.728000000000	-0.83519777937377	0.41311965448502
22.735000000000	-0.83429531588242	0.41531506619449
22.742000000000	-0.83338614771164	0.41750064096718
22.749000000000	-0.83247032814156	0.41967655463410
22.756000000000	-0.83154790768534	0.42184297991381
22.763000000000	-0.83061893417053	0.42400008647134
22.770000000000	-0.82968345281762	0.42614804097609
22.777000000000	-0.82874150631561	0.42828700715848
22.784000000000	-0.82779313489498	0.43041714586533
22.791000000000	-0.82683837639778	0.43253861511437
22.798000000000	-0.82587726634549	0.43465157014728
22.805000000000	-0.82490983800415	0.43675616348187
22.812000000000	-0.82393612244725	0.43885254496303
22.819000000000	-0.82295614861638	0.44094086181268
22.826000000000	-0.82196994337969	0.44302125867852
22.833000000000	-0.82097753158812	0.44509387768194
22.840000000000	-0.81997893612980	0.44715885846463
22.847000000000	-0.81897417798233	0.44921633823445
22.854000000000	-0.81796327626328	0.45126645181014
22.861000000000	-0.81694624827885	0.45330933166497
22.868000000000	-0.81592310957079	0.45534510796970
22.875000000000	-0.81489387396158	0.45737390863431
22.882000000000	-0.81385855359812	0.45939585934894
22.889000000000	-0.81281715899373	0.46141108362392
22.896000000000	-0.81176969906867	0.46341970282884
22.903000000000	-0.81071618118930	0.46542183623075
22.910000000000	-0.80965661120573	0.46741760103161
22.917000000000	-0.80859099348815	0.46940711240468
22.924000000000	-0.80751933096193	0.47139048353018
22.931000000000	-0.80644162514131	0.47336782563028
22.938000000000	-0.80535787616205	0.47533924800304
22.945000000000	-0.80426808281284	0.47730485805564
22.952000000000	-0.80317224256550	0.47926476133701
22.959000000000	-0.80207035160423	0.48121906156942
22.966000000000	-0.80096240485377	0.48316786067946
22.973000000000	-0.79984839600643	0.48511125882845
22.980000000000	-0.79872831754829	0.48704935444182
22.987000000000	-0.79760216078446	0.48898224423798
22.994000000000	-0.79646991586325	0.49091002325656
23.001000000000	-0.79533157179964	0.49283278488582
23.008000000000	-0.79418711649781	0.49475062088935
23.015000000000	-0.79303653677290	0.49666362143248
23.022000000000	-0.79187981837192	0.49857187510763
23.029000000000	-0.79071694599391	0.50047546895919
23.036000000000	-0.78954790330933	0.50237448850792
23.043000000000	-0.78837267297889	0.50426901777458
23.050000000000	-0.78719123667147	0.50615913930298
23.057000000000	-0.78600357508142	0.50804493418263
23.064000000000	-0.78480966794534	0.50992648207054
23.071000000000	-0.78360949405811	0.51180386121266
23.078000000000	-0.78240303128837	0.51367714846480
23.085000000000	-0.78119025659337	0.51554641931286
23.092000000000	-0.77997114603328	0.51741174789262
23.099000000000	-0.77874567478499	0.51927320700902
23.106000000000	-0.77751381715526	0.52113086815489
23.113000000000	-0.77627554659349	0.52298480152931
23.120000000000	-0.77503083570391	0.52483507605528
23.127000000000	-0.77377965625734	0.52668175939703
23.134000000000	-0.77252197920247	0.52852491797681
23.141000000000	-0.77125777467657	0.53036461699139
23.148000000000	-0.76998701201600	0.53220092042779
23.155000000000	-0.76870965976613	0.53403389107883
23.162000000000	-0.76742568569083	0.53586359055810
23.169000000000	-0.76613505678168	0.53769007931458
23.176000000000	-0.76483773926672	0.53951341664681
23.183000000000	-0.76353369861882	0.54133366071656
23.190000000000	-0.76222289956371	0.54315086856227
23.197000000000	-0.76090530608774	0.54496509611188
23.204000000000	-0.75958088144510	0.54677639819539
23.211000000000	-0.75824958816495	0.54858482855703
23.218000000000	-0.75691138805803	0.55039043986703
23.225000000000	-0.75556624222301	0.55219328373296
23.232000000000	-0.75421411105281	0.55399341071065
23.239000000000	-0.75285495424011	0.55579087031506
23.246000000000	-0.75148873078299	0.55758571103032
23.253000000000	-0.75011539899022	0.55937798031984
23.260000000000	-0.74873491648617	0.56116772463570
23.267000000000	-0.74734724021553	0.56295498942804
23.274000000000	-0.74595232644784	0.56473981915381
23.281000000000	-0.74455013078165	0.56652225728547
23.288000000000	-0.74314060814861	0.56830234631908
23.295000000000	-0.74172371281715	0.57008012778210
23.302000000000	-0.74029939839607	0.57185564224137
23.309000000000	-0.73886761783787	0.57362892930979
23.316000000000	-0.73742832344188	0.57540002765369
23.323000000000	-0.73598146685723	0.57716897499925
23.330000000000	-0.73452699908547	0.57893580813887
23.337000000000	-0.73306487048331	0.58070056293710
23.344000000000	-0.73159503076473	0.58246327433655
23.351000000000	-0.73011742900341	0.58422397636303
23.358000000000	-0.72863201363456	0.58598270213096
23.365000000000	-0.72713873245690	0.58773948384788
23.372000000000	-0.72563753263421	0.58949435281925
23.379000000000	-0.72412836069692	0.59124733945264
23.386000000000	-0.72261116254356	0.59299847326160
23.393000000000	-0.72108588344185	0.59474778286941
23.400000000000	-0.71955246802986	0.59649529601260
23.407000000000	-0.71801086031692	0.59824103954391
23.414000000000	-0.71646100368445	0.59998503943529
23.421000000000	-0.71490284088667	0.60172732078039
23.428000000000	-0.71333631405107	0.60346790779702
23.435000000000	-0.71176136467895	0.60520682382900
23.442000000000	-0.71017793364562	0.60694409134825
23.449000000000	-0.70858596120066	0.60867973195602
23.456000000000	-0.70698538696804	0.61041376638439
23.463000000000	-0.70537614994604	0.61214621449707
23.470000000000	-0.70375818850724	0.61387709529030
23.477000000000	-0.70213144039806	0.61560642689342
23.484000000000	-0.70049584273884	0.61733422656879
23.491000000000	-0.69885133202299	0.61906051071203
23.498000000000	-0.69719784411686	0.62078529485177
23.505000000000	-0.69553531425895	0.62250859364889
23.512000000000	-0.69386367705935	0.62423042089595
23.519000000000	-0.69218286649894	0.62595078951605
23.526000000000	-0.69049281592868	0.62766971156164
23.533000000000	-0.68879345806855	0.62938719821280
23.540000000000	-0.68708472500674	0.63110325977567
23.547000000000	-0.68536654819857	0.63281790568026
23.554000000000	-0.68363885846550	0.63453114447830
23.561000000000	-0.68190158599379	0.63624298384051
23.568000000000	-0.68015466033347	0.63795343055406
23.575000000000	-0.67839801039708	0.63966249051925
23.582000000000	-0.67663156445827	0.64137016874658
23.589000000000	-0.67485525015056	0.64307646935284
23.596000000000	-0.67306899446578	0.64478139555762
23.603000000000	-0.67127272375289	0.64648494967918
23.610000000000	-0.66946636371627	0.64818713313009
23.617000000000	-0.66764983941432	0.64988794641283
23.624000000000	-0.66582307525794	0.65158738911489
23.631000000000	-0.66398599500883	0.65328545990386
23.638000000000	-0.66213852177807	0.65498215652209
23.645000000000	-0.66028057802439	0.65667747578107
23.652000000000	-0.65841208555252	0.65837141355579
23.659000000000	-0.65653296551159	0.66006396477856
23.666000000000	-0.65464313839343	0.66175512343290
23.673000000000	-0.65274252403088	0.66344488254664
23.680000000000	-0.65083104159616	0.66513323418548
23.687000000000	-0.64890860959903	0.66682016944576
23.694000000000	-0.64697514588527	0.66850567844705
23.701000000000	-0.64503056763484	0.67018975032479
23.708000000000	-0.64307479136033	0.67187237322215
23.715000000000	-0.64110773290514	0.67355353428212
23.722000000000	-0.63912930744189	0.67523321963906
23.729000000000	-0.63713942947073	0.67691141441013
23.736000000000	-0.63513801281775	0.67858810268623
23.743000000000	-0.63312497063335	0.68026326752295
23.750000000000	-0.63110021539058	0.68193689093110
23.757000000000	-0.62906365888365	0.68360895386693
23.764000000000	-0.62701521222641	0.68527943622226
23.771000000000	-0.62495478585083	0.68694831681393
23.778000000000	-0.62288228950558	0.68861557337361
23.785000000000	-0.62079763225451	0.69028118253683
23.792000000000	-0.61870072247546	0.69194511983165
23.799000000000	-0.61659146785886	0.69360735966759
23.806000000000	-0.61446977540644	0.69526787532388
23.813000000000	-0.61233555143006	0.69692663893734
23.820000000000	-0.61018870155074	0.69858362149022
23.827000000000	-0.60802913069731	0.70023879279773
23.834000000000	-0.60585674310562	0.70189212149505
23.841000000000	-0.60367144231761	0.70354357502434
23.848000000000	-0.60147313118041	0.70519311962119
23.855000000000	-0.59926171184567	0.70684072030093
23.862000000000	-0.59703708576886	0.70848634084462
23.869000000000	-0.59479915370877	0.71012994378460
23.876000000000	-0.59254781572691	0.71177149039006
23.883000000000	-0.59028297118737	0.71341094065177
23.890000000000	-0.58800451875641	0.71504825326709
23.897000000000	-0.58571235640239	0.71668338562415
23.904000000000	-0.58340638139583	0.71831629378606
23.911000000000	-0.58108649030942	0.71994693247472
23.918000000000	-0.57875257901842	0.72157525505407
23.925000000000	-0.57640454270091	0.72320121351353
23.932000000000	-0.57404227583835	0.72482475845047
23.939000000000	-0.57166567221646	0.72644583905277
23.946000000000	-0.56927462492581	0.72806440308107
23.953000000000	-0.56686902636303	0.72968039685030
23.960000000000	-0.56444876823180	0.73129376521144
23.967000000000	-0.56201374154444	0.73290445153237
23.974000000000	-0.55956383662320	0.73451239767873
23.981000000000	-0.55709894310225	0.73611754399426
23.988000000000	-0.55461894992932	0.73771982928101
23.995000000000	-0.55212374536812	0.73931919077881
24.002000000000	-0.54961321700044	0.74091556414487
24.009000000000	-0.54708725172886	0.74250888343255
24.016000000000	-0.54454573577949	0.74409908107011
24.023000000000	-0.54198855470497	0.74568608783886
24.030000000000	-0.53941559338776	0.74726983285119
24.037000000000	-0.53682673604372	0.74885024352799
24.044000000000	-0.53422186622577	0.75042724557572
24.051000000000	-0.53160086682800	0.75200076296338
24.058000000000	-0.52896362009000	0.75357071789878
24.065000000000	-0.52631000760148	0.75513703080445
24.072000000000	-0.52363991030713	0.75669962029344
24.079000000000	-0.52095320851192	0.75825840314444
24.086000000000	-0.51824978188652	0.75981329427669
24.093000000000	-0.51552950947326	0.76136420672432
24.100000000000	-0.51279226969224	0.76291105161052
24.107000000000	-0.51003794034796	0.76445373812116
24.114000000000	-0.50726639863618	0.76599217347806
24.121000000000	-0.50447752115111	0.76752626291184
24.128000000000	-0.50167118389320	0.76905590963422
24.135000000000	-0.49884726227706	0.77058101481046
24.142000000000	-0.49600563114003	0.77210147753058
24.149000000000	-0.49314616475088	0.77361719478077
24.156000000000	-0.49026873681919	0.77512806141428
24.163000000000	-0.48737322050517	0.77663397012170
24.170000000000	-0.48445948842958	0.77813481140095
24.177000000000	-0.48152741268470	0.77963047352694
24.184000000000	-0.47857686484522	0.78112084252069
24.191000000000	-0.47560771597995	0.78260580211799
24.198000000000	-0.47261983666404	0.78408523373779
24.205000000000	-0.46961309699145	0.78555901645014
24.212000000000	-0.46658736658830	0.78702702694354
24.219000000000	-0.46354251462655	0.78848913949206
24.226000000000	-0.46047840983836	0.78994522592197
24.233000000000	-0.45739492053094	0.79139515557794
24.240000000000	-0.45429191460208	0.79283879528881
24.247000000000	-0.45116925955623	0.79427600933293
24.254000000000	-0.44802682252139	0.79570665940313
24.261000000000	-0.44486447026631	0.79713060457126
24.268000000000	-0.44168206921867	0.79854770125217
24.275000000000	-0.43847948548394	0.79995780316751
24.282000000000	-0.43525658486458	0.80136076130894
24.289000000000	-0.43201323288042	0.80275642390100
24.296000000000	-0.42874929478965	0.80414463636344
24.303000000000	-0.42546463561027	0.80552524127335
24.310000000000	-0.42215912014274	0.80689807832675
24.317000000000	-0.41883261299323	0.80826298429969
24.324000000000	-0.41548497859761	0.80961979300917
24.331000000000	-0.41211608124651	0.81096833527351
24.338000000000	-0.40872578511108	0.81230843887231
24.345000000000	-0.40531395426963	0.81363992850608
24.352000000000	-0.40188045273526	0.81496262575558
24.359000000000	-0.39842514448437	0.81627634904039
24.366000000000	-0.39494789348618	0.81758091357782
24.373000000000	-0.39144856373306	0.81887613134061
24.380000000000	-0.38792701927218	0.82016181101486
24.387000000000	-0.38438312423781	0.82143775795745
24.394000000000	-0.38081674288487	0.82270377415316
24.401000000000	-0.37722773962364	0.82395965817109
24.408000000000	-0.37361597905535	0.82520520512133
24.415000000000	-0.36998132600907	0.82644020661108
24.422000000000	-0.36632364557960	0.82766445070003
24.429000000000	-0.36264280316676	0.82887772185629
24.436000000000	-0.35893866451561	0.83007980091125
24.443000000000	-0.35521109575813	0.83127046501465
24.450000000000	-0.35145996345601	0.83244948758913
24.457000000000	-0.34768513464490	0.83361663828478
24.464000000000	-0.34388647687971	0.83477168293305
24.471000000000	-0.34006385828154	0.83591438350101
24.478000000000	-0.33621714758581	0.83704449804495
24.485000000000	-0.33234621419185	0.83816178066396
24.492000000000	-0.32845092821394	0.83926598145330
24.499000000000	-0.32453116053376	0.84035684645774
24.506000000000	-0.32058678285442	0.84143411762475
24.513000000000	-0.31661766775597	0.84249753275733
24.520000000000	-0.31262368875243	0.84354682546715
24.527000000000	-0.30860472035051	0.84458172512732
24.534000000000	-0.30456063810990	0.84560195682525
24.541000000000	-0.30049131870517	0.84660724131564
24.548000000000	-0.29639663998946	0.84759729497305
24.555000000000	-0.29227648105982	0.84857182974502
24.562000000000	-0.28813072232436	0.84953055310499
24.569000000000	-0.28395924557111	0.85047316800519
24.576000000000	-0.27976193403885	0.85139937283007
24.583000000000	-0.27553867248955	0.85230886134952
24.590000000000	-0.27128934728300	0.85320132267240
24.597000000000	-0.26701384645314	0.85407644120041
24.604000000000	-0.26271205978651	0.85493389658201
24.611000000000	-0.25838387890254	0.85577336366687
24.618000000000	-0.25402919733597	0.85659451246068
24.625000000000	-0.24964791062139	0.85739700807988
24.632000000000	-0.24523991637967	0.85818051070757
24.639000000000	-0.24080511440683	0.85894467554923
24.646000000000	-0.23634340676477	0.85968915278935
24.653000000000	-0.23185469787441	0.86041358754848
24.660000000000	-0.22733889461100	0.86111761984096
24.667000000000	-0.22279590640171	0.86180088453318
24.674000000000	-0.21822564532551	0.86246301130270
24.681000000000	-0.21362802621541	0.86310362459827
24.688000000000	-0.20900296676304	0.86372234360023
24.695000000000	-0.20435038762574	0.86431878218235
24.702000000000	-0.19967021253597	0.86489254887422
24.709000000000	-0.19496236841315	0.86544324682487
24.716000000000	-0.19022678547822	0.86597047376740
24.723000000000	-0.18546339737058	0.86647382198473
24.730000000000	-0.18067214126749	0.86695287827665
24.737000000000	-0.17585295800632	0.86740722392816
24.744000000000	-0.17100579220925	0.86783643467891
24.751000000000	-0.16613059241065	0.86824008069463
24.758000000000	-0.16122731118712	0.86861772653948
24.765000000000	-0.15629590529026	0.86896893115037
24.772000000000	-0.15133633578223	0.86929324781286
24.779000000000	-0.14634856817385	0.86959022413893
24.786000000000	-0.14133257256578	0.86985940204630
24.793000000000	-0.13628832379214	0.87010031774011
24.800000000000	-0.13121580156729	0.87031250169631
24.807000000000	-0.12611499063513	0.87049547864748
24.814000000000	-0.12098588092149	0.87064876757048
24.821000000000	-0.11582846768918	0.87077188167702
24.828000000000	-0.11064275169604	0.87086432840601
24.835000000000	-0.10542873935585	0.87092560941907
24.842000000000	-0.10018644290200	0.87095522059827
24.849000000000	-0.094915880554281	0.87095265204682
24.856000000000	-0.089617076688355	0.87091738809260
24.863000000000	-0.084290062008205	0.87084890729482
24.870000000000	-0.078934873721469	0.87074668245355
24.877000000000	-0.073551555717734	0.87061018062274
24.884000000000	-0.068140158749524	0.87043886312648
24.891000000000	-0.062700740616331	0.87023218557880
24.898000000000	-0.057233366351398	0.86998959790711
24.905000000000	-0.051738108411401	0.86971054437935
24.912000000000	-0.046215046868803	0.86939446363517
24.919000000000	-0.040664269607211	0.86904078872096
24.926000000000	-0.035085872519248	0.86864894712921
24.933000000000	-0.029479959707322	0.86821836084218
24.940000000000	-0.023846643686945	0.86774844638000
24.947000000000	-0.018186045592817	0.86723861485333
24.954000000000	-0.012498295387375	0.86668827202100
24.961000000000	-0.0067835320719213	0.86609681835234
24.968000000000	-0.0010419039002719	0.86546364909476
24.975000000000	0.0047264314052500	0.86478815434646
24.982000000000	0.010521306435411	0.86406971913461
24.989000000000	0.016342543873479	0.86330772349906
24.996000000000	0.022189956272382	0.86250154258180
25.003000000000	0.028063345829744	0.86165054672226
25.010000000000	0.033962504160962	0.86075410155878
25.017000000000	0.039887212070395	0.85981156813611
25.024000000000	0.045837239320671	0.85882230301952
25.031000000000	0.051812344400339	0.85778565841534
25.038000000000	0.057812274289971	0.85670098229826
25.045000000000	0.063836764226805	0.85556761854559
25.052000000000	0.069885537468068	0.85438490707856
25.059000000000	0.075958305053152	0.85315218401083
25.066000000000	0.082054765564763	0.85186878180454
25.073000000000	0.088174604889221	0.85053402943387
25.080000000000	0.094317495976065	0.84914725255639
25.087000000000	0.10048309859719	0.84770777369236
25.094000000000	0.10667105910556	0.84621491241216
25.101000000000	0.11288101019393	0.84466798553194
25.108000000000	0.11911257065348	0.84306630731784
25.115000000000	0.12536534513290	0.84140918969864
25.122000000000	0.13163892389778	0.83969594248739
25.129000000000	0.13793288259099	0.83792587361179
25.136000000000	0.14424678199380	0.83609828935386
25.143000000000	0.15058016778836	0.83421249459860
25.150000000000	0.15693257032168	0.83226779309232
25.157000000000	0.16330350437127	0.83026348771031
25.164000000000	0.16969246891297	0.82819888073429
25.171000000000	0.17609894689100	0.82607327413961
25.178000000000	0.18252240499069	0.82388596989246
25.185000000000	0.18896229341424	0.82163627025713
25.192000000000	0.19541804565960	0.81932347811336
25.199000000000	0.20188907830315	0.81694689728415
25.206000000000	0.20837479078619	0.81450583287380
25.213000000000	0.21487456520586	0.81199959161650
25.220000000000	0.22138776611066	0.80942748223553
25.227000000000	0.22791374030108	0.80678881581298
25.234000000000	0.23445181663571	0.80408290617032
25.241000000000	0.24100130584310	0.80130907025957
25.248000000000	0.24756150033999	0.79846662856541
25.255000000000	0.25413167405614	0.79555490551796
25.262000000000	0.26071108226633	0.79257322991658
25.269000000000	0.26729896142981	0.78952093536429
25.276000000000	0.27389452903788	0.78639736071323
25.283000000000	0.28049698346978	0.78320185052081
25.290000000000	0.28710550385760	0.77993375551658
25.297000000000	0.29371924996047	0.77659243307994
25.304000000000	0.30033736204879	0.77317724772830
25.311000000000	0.30695896079865	0.76968757161593
25.318000000000	0.31358314719716	0.76612278504314
25.325000000000	0.32020900245926	0.76248227697575
25.332000000000	0.32683558795613	0.75876544557472
25.339000000000	0.33346194515634	0.75497169873577
25.346000000000	0.34008709557959	0.75110045463873
25.353000000000	0.34671004076403	0.74715114230648
25.360000000000	0.35332976224753	0.74312320217319
25.367000000000	0.35994522156340	0.73901608666170
25.374000000000	0.36655536025113	0.73482926076958
25.381000000000	0.37315909988266	0.73056220266375
25.388000000000	0.37975534210478	0.72621440428323
25.395000000000	0.38634296869806	0.72178537194968
25.402000000000	0.39292084165294	0.71727462698530
25.409000000000	0.39948780326355	0.71268170633782
25.416000000000	0.40604267623954	0.70800616321199
25.423000000000	0.41258426383680	0.70324756770722
25.430000000000	0.41911135000719	0.69840550746074
25.437000000000	0.42562269956809	0.69347958829599
25.444000000000	0.43211705839210	0.68846943487543
25.451000000000	0.43859315361740	0.68337469135743
25.458000000000	0.44504969387918	0.67819502205642
25.465000000000	0.45148536956280	0.67293011210593
25.472000000000	0.45789885307877	0.66757966812353
25.479000000000	0.46428879916038	0.66214341887733
25.486000000000	0.47065384518399	0.65662111595305
25.493000000000	0.47699261151263	0.65101253442105
25.500000000000	0.48330370186322	0.64531747350256
25.507000000000	0.48958570369761	0.63953575723422
25.514000000000	0.49583718863794	0.63366723513016
25.521000000000	0.50205671290653	0.62771178284081
25.528000000000	0.50824281779045	0.62166930280743
25.535000000000	0.51439403013122	0.61553972491164
25.542000000000	0.52050886283966	0.60932300711880
25.549000000000	0.52658581543616	0.60301913611453
25.556000000000	0.53262337461633	0.59662812793318
25.563000000000	0.53862001484246	0.59015002857742
25.570000000000	0.54457419896045	0.58358491462777
25.577000000000	0.55048437884251	0.57693289384126
25.584000000000	0.55634899605545	0.57019410573790
25.591000000000	0.56216648255464	0.56336872217414
25.598000000000	0.56793526140333	0.55645694790207
25.605000000000	0.57365374751740	0.54945902111333
25.612000000000	0.57932034843512	0.54237521396665
25.619000000000	0.58493346511186	0.53520583309785
25.626000000000	0.59049149273928	0.52795122011125
25.633000000000	0.59599282158883	0.52061175205126
25.640000000000	0.60143583787894	0.51318784185317
25.647000000000	0.60681892466570	0.50567993877188
25.654000000000	0.61214046275626	0.49808852878756
25.661000000000	0.61739883164463	0.49041413498701
25.668000000000	0.62259241046907	0.48265731791971
25.675000000000	0.62771957899053	0.47481867592742
25.682000000000	0.63277871859134	0.46689884544621
25.689000000000	0.63776821329345	0.45889850128000
25.696000000000	0.64268645079522	0.45081835684427
25.703000000000	0.64753182352613	0.44265916437927
25.710000000000	0.65230272971816	0.43442171513145
25.717000000000	0.65699757449312	0.42610683950227
25.724000000000	0.66161477096463	0.41771540716340
25.731000000000	0.66615274135388	0.40924832713744
25.738000000000	0.67060991811777	0.40070654784322
25.745000000000	0.67498474508839	0.39209105710493
25.752000000000	0.67927567862257	0.38340288212421
25.759000000000	0.68348118876001	0.37464308941459
25.766000000000	0.68759976038890	0.36581278469731
25.773000000000	0.69162989441743	0.35691311275829
25.780000000000	0.69557010894979	0.34794525726527
25.787000000000	0.69941894046523	0.33891044054479
25.794000000000	0.70317494499862	0.32980992331857
25.801000000000	0.70683669932090	0.32064500439871
25.808000000000	0.71040280211795	0.31141702034159
25.815000000000	0.71387187516610	0.30212734506003
25.822000000000	0.71724256450281	0.29277738939348
25.829000000000	0.72051354159063	0.28336860063637
25.836000000000	0.72368350447301	0.27390246202419
25.843000000000	0.72675117891999	0.26438049217761
25.850000000000	0.72971531956222	0.25480424450463
25.857000000000	0.73257471101149	0.24517530656082
25.864000000000	0.73532816896611	0.23549529936817
25.871000000000	0.73797454129931	0.22576587669255
25.878000000000	0.74051270912897	0.21598872428055
25.885000000000	0.74294158786695	0.20616555905579
25.892000000000	0.74526012824631	0.19629812827570
25.899000000000	0.74746731732466	0.18638820864911
25.906000000000	0.74956217946204	0.17643760541545
25.913000000000	0.75154377727158	0.16644815138660
25.920000000000	0.75341121254138	0.15642170595194
25.927000000000	0.75516362712595	0.14636015404787
25.934000000000	0.75680020380572	0.13626540509275
25.941000000000	0.75832016711301	0.12613939188833
25.948000000000	0.75972278412300	0.11598406948903
25.955000000000	0.76100736520839	0.10580141404016
25.962000000000	0.76217326475616	0.095593421586730
25.969000000000	0.76321988184532	0.085362106853903
25.976000000000	0.76414666088426	0.075109502000862
25.983000000000	0.76495309220656	0.064837655349566
25.990000000000	0.76563871262413	0.054548630089929
25.997000000000	0.76620310593659	0.044244502963221
26.000000000000	0.76640778537543	0.039824342731463
26.004000000000	0.76664590339601	0.033927362925301
26.011000000000	0.76696678412596	0.023599309791491
26.018000000000	0.76716547549421	0.013262452864972
26.025000000000	0.76724175343820	0.0029189095504140
26.032000000000	0.76719544274270	-0.0074291960450991
26.039000000000	0.76702641726913	-0.017779734522055
26.046000000000	0.76673460013595	-0.028130572607409
26.053000000000	0.76631996384983	-0.038479574580355
26.060000000000	0.76578253038726	-0.048824603703105
26.067000000000	0.76512237122645	-0.059163523654514
26.074000000000	0.76433960732927	-0.069494199964684
26.081000000000	0.76343440907343	-0.079814501448377
26.088000000000	0.76240699613478	-0.090122301635337
26.095000000000	0.76125763731999	-0.10041548019545
26.102000000000	0.75998665034988	-0.11069192435668
26.109000000000	0.75859440159375	-0.12094953031395
26.116000000000	0.75708130575512	-0.13118620462679
26.123000000000	0.75544782550949	-0.14139986560400
26.130000000000	0.75369447109464	-0.15158844467326
26.137000000000	0.75182179985430	-0.16174988773387
26.144000000000	0.74983041573595	-0.17188215649085
26.151000000000	0.74772096874356	-0.18198322976843
26.158000000000	0.74549415434638	-0.19205110480127
26.165000000000	0.74315071284462	-0.20208379850179
26.172000000000	0.74069142869335	-0.21207934870180
26.179000000000	0.73811712978565	-0.22203581536688
26.186000000000	0.73542868669632	-0.23195128178213
26.193000000000	0.73262701188744	-0.24182385570757
26.200000000000	0.72971305887723	-0.25165167050204
26.207000000000	0.72668782137355	-0.26143288621406
26.214000000000	0.72355233237356	-0.27116569063862
26.221000000000	0.72030766323113	-0.28084830033846
26.228000000000	0.71695492269349	-0.29047896162898
26.235000000000	0.71349525590882	-0.30005595152561
26.242000000000	0.70992984340637	-0.30957757865273
26.249000000000	0.70625990005087	-0.31904218411331
26.256000000000	0.70248667397288	-0.32844814231845
26.263000000000	0.69861144547680	-0.33779386177618
26.270000000000	0.69463552592848	-0.34707778583878
26.277000000000	0.69056025662389	-0.35629839340830
26.284000000000	0.68638700764091	-0.36545419959963
26.291000000000	0.68211717667590	-0.37454375636086
26.298000000000	0.67775218786680	-0.38356565305069
26.305000000000	0.67329349060468	-0.39251851697258
26.312000000000	0.66874255833535	-0.40140101386559
26.319000000000	0.66410088735292	-0.41021184835192
26.326000000000	0.65936999558703	-0.41894976434109
26.333000000000	0.65455142138540	-0.42761354539102
26.340000000000	0.64964672229354	-0.43620201502596
26.347000000000	0.64465747383324	-0.44471403701193
26.354000000000	0.63958526828138	-0.45314851558956
26.361000000000	0.63443171345097	-0.46150439566512
26.368000000000	0.62919843147564	-0.46978066295997
26.375000000000	0.62388705759945	-0.47797634411911
26.382000000000	0.61849923897331	-0.48609050677933
26.389000000000	0.61303663345958	-0.49412225959769
26.396000000000	0.60750090844623	-0.50207075224103
26.403000000000	0.60189373967192	-0.50993517533723
26.410000000000	0.59621681006339	-0.51771476038913
26.417000000000	0.59047180858630	-0.52540877965186
26.424000000000	0.58466042911088	-0.53301654597457
26.431000000000	0.57878436929341	-0.54053741260750
26.438000000000	0.57284532947482	-0.54797077297527
26.445000000000	0.56684501159719	-0.55531606041761
26.452000000000	0.56078511813949	-0.56257274789833
26.459000000000	0.55466735107313	-0.56974034768386
26.466000000000	0.54849341083855	-0.57681841099219
26.473000000000	0.54226499534330	-0.58380652761362
26.480000000000	0.53598379898281	-0.59070432550420
26.487000000000	0.52965151168407	-0.59751147035316
26.494000000000	0.52326981797332	-0.60422766512551
26.500000000000	0.51776174362937	-0.60991181641287
26.501000000000	0.51684039606796	-0.61085264958084
26.508000000000	0.51036491699349	-0.61738619976973
26.515000000000	0.50384504372584	-0.62382812750869
26.522000000000	0.49728243035943	-0.63017827983507
26.529000000000	0.49067872130150	-0.63643653844297
26.536000000000	0.48403555049291	-0.64260281910134
26.543000000000	0.47735454065566	-0.64867707105555
26.550000000000	0.47063730256740	-0.65465927641346
26.557000000000	0.46388543436308	-0.66054944951729
26.564000000000	0.45710052086375	-0.66634763630232
26.571000000000	0.45028413293276	-0.67205391364358
26.578000000000	0.44343782685916	-0.67766838869170
26.585000000000	0.43656314376847	-0.68319119819894
26.592000000000	0.42966160906058	-0.68862250783655
26.599000000000	0.42273473187484	-0.69396251150440
26.606000000000	0.41578400458202	-0.69921143063411
26.613000000000	0.40881090230307	-0.70436951348645
26.620000000000	0.40181688245448	-0.70943703444419
26.627000000000	0.39480338431981	-0.71441429330123
26.634000000000	0.38777182864732	-0.71930161454910
26.641000000000	0.38072361727325	-0.72409934666146
26.648000000000	0.37366013277044	-0.72880786137781
26.655000000000	0.36658273812193	-0.73342755298699
26.662000000000	0.35949277641908	-0.73795883761145
26.669000000000	0.35239157058390	-0.74240215249298
26.676000000000	0.34528042311509	-0.74675795528072
26.683000000000	0.33816061585721	-0.75102672332215
26.690000000000	0.33103340979279	-0.75520895295773
26.697000000000	0.32390004485659	-0.75930515881997
26.704000000000	0.31676173977163	-0.76331587313736
26.711000000000	0.30961969190652	-0.76724164504403
26.718000000000	0.30247507715341	-0.77108303989539
26.725000000000	0.29532904982619	-0.77484063859068
26.732000000000	0.28818274257816	-0.77851503690257
26.739000000000	0.28103726633890	-0.78210684481455
26.746000000000	0.27389371026950	-0.78561668586643
26.753000000000	0.26675314173571	-0.78904519650847
26.760000000000	0.25961660629844	-0.79239302546444
26.767000000000	0.25248512772101	-0.79566083310407
26.774000000000	0.24535970799256	-0.79884929082513
26.781000000000	0.23824132736704	-0.80195908044559
26.788000000000	0.23113094441722	-0.80499089360601
26.795000000000	0.22402949610317	-0.80794543118251
26.802000000000	0.21693789785451	-0.81082340271056
26.809000000000	0.20985704366612	-0.81362552581971
26.816000000000	0.20278780620639	-0.81635252567958
26.823000000000	0.19573103693781	-0.81900513445718
26.830000000000	0.18868756624902	-0.82158409078577
26.837000000000	0.18165820359812	-0.82409013924533
26.844000000000	0.17464373766636	-0.82652402985478
26.851000000000	0.16764493652185	-0.82888651757599
26.858000000000	0.16066254779288	-0.83117836182977
26.865000000000	0.15369729885005	-0.83340032602364
26.872000000000	0.14674989699697	-0.83555317709175
26.879000000000	0.13982102966889	-0.83763768504661
26.886000000000	0.13291136463881	-0.83965462254285
26.893000000000	0.12602155023065	-0.84160476445302
26.900000000000	0.11915221553894	-0.84348888745514
26.907000000000	0.11230397065459	-0.84530776963227
26.914000000000	0.10547740689641	-0.84706219008382
26.921000000000	0.098673097047741	-0.84875292854859
26.928000000000	0.091891595598012	-0.85038076503952
26.935000000000	0.085133438988662	-0.85194647948999
26.942000000000	0.078399145863071	-0.85345085141150
26.949000000000	0.071689217320175	-0.85489465956279
26.956000000000	0.065004137171291	-0.85627868163011
26.963000000000	0.058344372199913	-0.85760369391864
26.970000000000	0.051710372424025	-0.85887047105477
26.977000000000	0.045102571360688	-0.86007978569926
26.984000000000	0.038521386292506	-0.86123240827099
26.991000000000	0.031967218535700	-0.86232910668123
26.998000000000	0.025440453709506	-0.86337064607822
27.000000000000	0.023580749136944	-0.86365820424998
27.005000000000	0.018941462006558	-0.86435778860189
27.012000000000	0.012470598464015	-0.86529129314857
27.019000000000	0.0060282032351785	-0.86617191514551
27.026000000000	-0.00038539813867844	-0.86700040633500
27.033000000000	-0.0067698944565093	-0.86777751456790
27.040000000000	-0.013124988585955	-0.86850398360647
27.047000000000	-0.019450397192247	-0.86918055293624
27.054000000000	-0.025745850467836	-0.86980795758669
27.061000000000	-0.032011091862893	-0.87038692796067
27.068000000000	-0.038245877816876	-0.87091818967228
27.075000000000	-0.044449977491389	-0.87140246339298
27.082000000000	-0.050623172504440	-0.87184046470587
27.089000000000	-0.056765256666326	-0.87223290396777
27.096000000000	-0.062876035717240	-0.87258048617911
27.103000000000	-0.068955327066790	-0.87288391086118
27.110000000000	-0.075002959535559	-0.87314387194079
27.117000000000	-0.081018773098787	-0.87336105764202
27.124000000000	-0.087002618632372	-0.87353615038485
27.131000000000	-0.092954357661256	-0.87366982669056
27.138000000000	-0.098873862110280	-0.87376275709366
27.145000000000	-0.10476101405768	-0.87381560606013
27.152000000000	-0.11061570549121	-0.87382903191188
27.159000000000	-0.11643783806711	-0.87380368675717
27.166000000000	-0.12222732287185	-0.87374021642678
27.173000000000	-0.12798408018682	-0.87363926041587
27.180000000000	-0.13370803925601	-0.87350145183123
27.187000000000	-0.13939913805670	-0.87332741734380
27.194000000000	-0.14505732307330	-0.87311777714630
27.201000000000	-0.15068254907425	-0.87287314491575
27.208000000000	-0.15627477889217	-0.87259412778078
27.215000000000	-0.16183398320720	-0.87228132629351
27.222000000000	-0.16736014033358	-0.87193533440584
27.229000000000	-0.17285323600953	-0.87155673945006
27.236000000000	-0.17831326319046	-0.87114612212350
27.243000000000	-0.18374022184540	-0.87070405647723
27.250000000000	-0.18913411875689	-0.87023110990853
27.257000000000	-0.19449496732415	-0.86972784315698
27.264000000000	-0.19982278736957	-0.86919481030415
27.271000000000	-0.20511760494866	-0.86863255877667
27.278000000000	-0.21037945216326	-0.86804162935248
27.285000000000	-0.21560836697818	-0.86742255617025
27.292000000000	-0.22080439304111	-0.86677586674176
27.299000000000	-0.22596757950596	-0.86610208196718
27.306000000000	-0.23109798085946	-0.86540171615301
27.313000000000	-0.23619565675112	-0.86467527703268
27.320000000000	-0.24126067182647	-0.86392326578963
27.327000000000	-0.24629309556358	-0.86314617708280
27.334000000000	-0.25129300211287	-0.86234449907429
27.341000000000	-0.25626047014011	-0.86151871345934
27.348000000000	-0.26119558267268	-0.86066929549817
27.355000000000	-0.26609842694900	-0.85979671404995
27.362000000000	-0.27096909427111	-0.85890143160850
27.369000000000	-0.27580767986044	-0.85798390433976
27.376000000000	-0.28061428271656	-0.85704458212100
27.383000000000	-0.28538900547916	-0.85608390858151
27.390000000000	-0.29013195429290	-0.85510232114477
27.397000000000	-0.29484323867545	-0.85410025107211
27.404000000000	-0.29952297138827	-0.85307812350755
27.411000000000	-0.30417126831054	-0.85203635752398
27.418000000000	-0.30878824831585	-0.85097536617044
27.425000000000	-0.31337403315181	-0.84989555652046
27.432000000000	-0.31792874732239	-0.84879732972149
27.439000000000	-0.32245251797321	-0.84768108104513
27.446000000000	-0.32694547477935	-0.84654719993841
27.453000000000	-0.33140774983609	-0.84539607007564
27.460000000000	-0.33583947755207	-0.84422806941125
27.467000000000	-0.34024079454532	-0.84304357023310
27.474000000000	-0.34461183954165	-0.84184293921653
27.481000000000	-0.34895275327573	-0.84062653747893
27.488000000000	-0.35326367839457	-0.83939472063480
27.495000000000	-0.35754475936352	-0.83814783885133
27.502000000000	-0.36179614237463	-0.83688623690431
27.509000000000	-0.36601797525747	-0.83561025423447
27.516000000000	-0.37021040739212	-0.83432022500403
27.523000000000	-0.37437358962465	-0.83301647815361
27.530000000000	-0.37850767418469	-0.83169933745936
27.537000000000	-0.38261281460531	-0.83036912159016
27.544000000000	-0.38668916564496	-0.82902614416512
27.551000000000	-0.39073688321165	-0.82767071381104
27.558000000000	-0.39475612428917	-0.82630313422005
27.565000000000	-0.39874704686530	-0.82492370420719
27.572000000000	-0.40270980986212	-0.82353271776807
27.579000000000	-0.40664457306821	-0.82213046413642
27.586000000000	-0.41055149707282	-0.82071722784166
27.593000000000	-0.41443074320190	-0.81929328876631
27.600000000000	-0.41828247345600	-0.81785892220330
27.607000000000	-0.42210685044997	-0.81641439891316
27.614000000000	-0.42590403735442	-0.81495998518101
27.621000000000	-0.42967419783892	-0.81349594287339
27.628000000000	-0.43341749601695	-0.81202252949481
27.635000000000	-0.43713409639241	-0.81053999824412
27.642000000000	-0.44082416380782	-0.80904859807062
27.649000000000	-0.44448786339414	-0.80754857372987
27.656000000000	-0.44812536052207	-0.80604016583918
27.663000000000	-0.45173682075488	-0.80452361093286
27.670000000000	-0.45532240980280	-0.80299914151708
27.677000000000	-0.45888229347878	-0.80146698612440
27.684000000000	-0.46241663765569	-0.79992736936795
27.691000000000	-0.46592560822495	-0.79838051199522
27.698000000000	-0.46940937105641	-0.79682663094152
27.705000000000	-0.47286809195970	-0.79526593938294
27.712000000000	-0.47630193664672	-0.79369864678900
27.719000000000	-0.47971107069547	-0.79212495897484
27.726000000000	-0.48309565951514	-0.79054507815297
27.733000000000	-0.48645586831230	-0.78895920298463
27.740000000000	-0.48979186205834	-0.78736752863063
27.747000000000	-0.49310380545802	-0.78577024680181
27.754000000000	-0.49639186291917	-0.78416754580900
27.761000000000	-0.49965619852340	-0.78255961061254
27.768000000000	-0.50289697599796	-0.78094662287129
27.775000000000	-0.50611435868854	-0.77932876099118
27.782000000000	-0.50930850953318	-0.77770620017332
27.789000000000	-0.51247959103705	-0.77607911246152
27.796000000000	-0.51562776524828	-0.77444766678948
27.803000000000	-0.51875319373465	-0.77281202902728
27.810000000000	-0.52185603756124	-0.77117236202758
27.817000000000	-0.52493645726891	-0.76952882567117
27.824000000000	-0.52799461285370	-0.76788157691210
27.831000000000	-0.53103066374701	-0.76623076982227
27.838000000000	-0.53404476879661	-0.76457655563552
27.845000000000	-0.53703708624848	-0.76291908279126
27.852000000000	-0.54000777372939	-0.76125849697753
27.859000000000	-0.54295698823019	-0.75959494117356
27.866000000000	-0.54588488608993	-0.75792855569192
27.873000000000	-0.54879162298056	-0.75625947822001
27.880000000000	-0.55167735389247	-0.75458784386117
27.887000000000	-0.55454223312058	-0.75291378517523
27.894000000000	-0.55738641425110	-0.75123743221860
27.901000000000	-0.56021005014900	-0.74955891258379
27.908000000000	-0.56301329294602	-0.74787835143846
27.915000000000	-0.56579629402929	-0.74619587156404
27.922000000000	-0.56855920403056	-0.74451159339374
27.929000000000	-0.57130217281596	-0.74282563505016
27.936000000000	-0.57402534947636	-0.74113811238232
27.943000000000	-0.57672888231819	-0.73944913900231
27.950000000000	-0.57941291885483	-0.73775882632137
27.957000000000	-0.58207760579849	-0.73606728358548
27.964000000000	-0.58472308905257	-0.73437461791058
27.971000000000	-0.58734951370447	-0.73268093431714
27.978000000000	-0.58995702401892	-0.73098633576444
27.985000000000	-0.59254576343171	-0.72929092318422
27.992000000000	-0.59511587454382	-0.72759479551399
27.999000000000	-0.59766749911602	-0.72589804972977
28.006000000000	-0.60020077806390	-0.72420078087847
28.013000000000	-0.60271585145318	-0.72250308210974
28.020000000000	-0.60521285849550	-0.72080504470739
28.027000000000	-0.60769193754456	-0.71910675812037
28.034000000000	-0.61015322609259	-0.71740830999332
28.041000000000	-0.61259686076715	-0.71570978619665
28.048000000000	-0.61502297732834	-0.71401127085618
28.055000000000	-0.61743171066625	-0.71231284638239
28.062000000000	-0.61982319479874	-0.71061459349922
28.069000000000	-0.62219756286959	-0.70891659127243
28.076000000000	-0.62455494714684	-0.70721891713757
28.083000000000	-0.62689547902147	-0.70552164692749
28.090000000000	-0.62921928900637	-0.70382485489953
28.097000000000	-0.63152650673552	-0.70212861376221
28.104000000000	-0.63381726096345	-0.70043299470156
28.111000000000	-0.63609167956499	-0.69873806740707
28.118000000000	-0.63834988953516	-0.69704390009718
28.125000000000	-0.64059201698938	-0.69535055954450
28.132000000000	-0.64281818716384	-0.69365811110054
28.139000000000	-0.64502852441614	-0.69196661872008
28.146000000000	-0.64722315222608	-0.69027614498522
28.153000000000	-0.64940219319669	-0.68858675112904
28.160000000000	-0.65156576905541	-0.68689849705880
28.167000000000	-0.65371400065550	-0.68521144137897
28.174000000000	-0.65584700797758	-0.68352564141371
28.181000000000	-0.65796491013140	-0.68184115322912
28.188000000000	-0.66006782535770	-0.68015803165510
28.195000000000	-0.66215587103027	-0.67847633030686
28.202000000000	-0.66422916365821	-0.67679610160613
28.209000000000	-0.66628781888819	-0.67511739680198
28.216000000000	-0.66833195150703	-0.67344026599138
28.223000000000	-0.67036167544427	-0.67176475813934
28.230000000000	-0.67237710377495	-0.67009092109884
28.237000000000	-0.67437834872249	-0.66841880163036
28.244000000000	-0.67636552166166	-0.66674844542113
28.251000000000	-0.67833873312172	-0.66507989710405
28.258000000000	-0.68029809278962	-0.66341320027638
28.265000000000	-0.68224370951333	-0.66174839751801
28.272000000000	-0.68417569130525	-0.66008553040952
28.279000000000	-0.68609414534573	-0.65842463954996
28.286000000000	-0.68799917798670	-0.65676576457426
28.293000000000	-0.68989089475530	-0.65510894417044
28.300000000000	-0.69176940035772	-0.65345421609650
28.307000000000	-0.69363479868299	-0.65180161719704
28.314000000000	-0.69548719280696	-0.65015118341960
28.321000000000	-0.69732668499627	-0.64850294983077
28.328000000000	-0.69915337671239	-0.64685695063199
28.335000000000	-0.70096736861580	-0.64521321917513
28.342000000000	-0.70276876057013	-0.64357178797777
28.349000000000	-0.70455765164640	-0.64193268873826
28.356000000000	-0.70633414012735	-0.64029595235055
28.363000000000	-0.70809832351178	-0.63866160891873
28.370000000000	-0.70985029851891	-0.63702968777132
28.377000000000	-0.71159016109284	-0.63540021747542
28.384000000000	-0.71331800640704	-0.63377322585049
28.391000000000	-0.71503392886887	-0.63214873998202
28.398000000000	-0.71673802212410	-0.63052678623488
28.405000000000	-0.71843037906154	-0.62890739026651
28.412000000000	-0.72011109181764	-0.62729057703988
28.419000000000	-0.72178025178114	-0.62567637083617
28.426000000000	-0.72343794959774	-0.62406479526736
28.433000000000	-0.72508427517484	-0.62245587328846
28.440000000000	-0.72671931768621	-0.62084962720969
28.447000000000	-0.72834316557675	-0.61924607870829
28.454000000000	-0.72995590656727	-0.61764524884030
28.461000000000	-0.73155762765926	-0.61604715805202
28.468000000000	-0.73314841513966	-0.61445182619129
28.475000000000	-0.73472835458570	-0.61285927251867
28.482000000000	-0.73629753086967	-0.61126951571830
28.489000000000	-0.73785602816380	-0.60968257390870
28.496000000000	-0.73940392994504	-0.60809846465326
28.503000000000	-0.74094131899992	-0.60651720497069
28.510000000000	-0.74246827742940	-0.60493881134517
28.517000000000	-0.74398488665370	-0.60336329973642
28.524000000000	-0.74549122741716	-0.60179068558952
28.531000000000	-0.74698737979306	-0.60022098384464
28.538000000000	-0.74847342318849	-0.59865420894651
28.545000000000	-0.74994943634919	-0.59709037485385
28.552000000000	-0.75141549736437	-0.59552949504850
28.559000000000	-0.75287168367157	-0.59397158254454
28.566000000000	-0.75431807206146	-0.59241664989712
28.573000000000	-0.75575473868269	-0.59086470921119
28.580000000000	-0.75718175904666	-0.58931577215015
28.587000000000	-0.75859920803237	-0.58776984994423
28.594000000000	-0.76000715989117	-0.58622695339881
28.601000000000	-0.76140568825159	-0.58468709290255
28.608000000000	-0.76279486612405	-0.58315027843542
28.615000000000	-0.76417476590567	-0.58161651957656
28.622000000000	-0.76554545938497	-0.58008582551202
28.629000000000	-0.76690701774663	-0.57855820504236
28.636000000000	-0.76825951157619	-0.57703366659013
28.643000000000	-0.76960301086475	-0.57551221820718
28.650000000000	-0.77093758501362	-0.57399386758190
28.657000000000	-0.77226330283905	-0.57247862204632
28.664000000000	-0.77358023257681	-0.57096648858304
28.671000000000	-0.77488844188683	-0.56945747383208
28.678000000000	-0.77618799785786	-0.56795158409763
28.685000000000	-0.77747896701196	-0.56644882535466
28.692000000000	-0.77876141530915	-0.56494920325535
28.699000000000	-0.78003540815193	-0.56345272313556
28.706000000000	-0.78130101038978	-0.56195939002104
28.713000000000	-0.78255828632372	-0.56046920863358
28.720000000000	-0.78380729971071	-0.55898218339710
28.727000000000	-0.78504811376818	-0.55749831844359
28.734000000000	-0.78628079117843	-0.55601761761891
28.741000000000	-0.78750539409307	-0.55454008448857
28.748000000000	-0.78872198413736	-0.55306572234337
28.755000000000	-0.78993062241461	-0.55159453420491
28.762000000000	-0.79113136951052	-0.55012652283103
28.769000000000	-0.79232428549749	-0.54866169072119
28.776000000000	-0.79350942993891	-0.54720004012171
28.783000000000	-0.79468686189339	-0.54574157303090
28.790000000000	-0.79585663991909	-0.54428629120418
28.797000000000	-0.79701882207783	-0.54283419615900
28.804000000000	-0.79817346593935	-0.54138528917979
28.811000000000	-0.79932062858544	-0.53993957132272
28.818000000000	-0.80046036661409	-0.53849704342045
28.825000000000	-0.80159273614359	-0.53705770608674
28.832000000000	-0.80271779281662	-0.53562155972104
28.839000000000	-0.80383559180432	-0.53418860451292
28.846000000000	-0.80494618781027	-0.53275884044651
28.853000000000	-0.80604963507456	-0.53133226730477
28.860000000000	-0.80714598737773	-0.52990888467379
28.867000000000	-0.80823529804471	-0.52848869194689
28.874000000000	-0.80931761994875	-0.52707168832875
28.881000000000	-0.81039300551535	-0.52565787283941
28.888000000000	-0.81146150672607	-0.52424724431826
28.895000000000	-0.81252317512241	-0.52283980142783
28.902000000000	-0.81357806180960	-0.52143554265769
28.909000000000	-0.81462621746041	-0.52003446632814
28.916000000000	-0.81566769231886	-0.51863657059387
28.923000000000	-0.81670253620404	-0.51724185344760
28.930000000000	-0.81773079851369	-0.51585031272362
28.937000000000	-0.81875252822799	-0.51446194610125
28.944000000000	-0.81976777391314	-0.51307675110825
28.951000000000	-0.82077658372501	-0.51169472512422
28.958000000000	-0.82177900541270	-0.51031586538383
28.965000000000	-0.82277508632215	-0.50894016898012
28.972000000000	-0.82376487339965	-0.50756763286764
28.979000000000	-0.82474841319537	-0.50619825386557
28.986000000000	-0.82572575186681	-0.50483202866080
28.993000000000	-0.82669693518230	-0.50346895381093
29.000000000000	-0.82766200852439	-0.50210902574725
