#Parameters = {Hsub_bottom=0.101; Hpre1_2=0.306; Sigma_copper=58000000; C=4.48e-14; C_off=4.48e-14; C_on=0; H_add_decoupl=0.338; Hair=10; Hair_lower=10; Hpre1=0.204; Hsub1=0.508; Hsub_add1=0.168; Hsub_top2=0.762; L=0; L1=0.02; L2_buf=0.29; L_add_cut=0.66; L_off=0; L_on=1.3e-10; L_stub_low=1.5; Ldiode=0.3302; Lline_low=1; Lp=1.52; Px=5; R=2.5; R_bottom_in=0.83; R_bottom_out=0.93; R_off=2.5; R_on=5.2; W_ring_inner=0.15; WcircleInner_2=0.4; Wcut=0.9; Wp=1.52; X1Stub=-1.15; angle_stub=30; delta=0.3; deltaHAdd=0.101; deltaL1=0.14; deltaR2=0.15; deltaRCircle=0.2; deltaStubY=0.1; deltaStubY_top=0.3; delta_annual_ring=0.1; delta_edge=0.1; delta_via=0.9; delta_via_screen_center=0.25; h2_fr4=0.25; h2_prepreg=0.138; hSub=1.067; hfr4=0.102; l_add=0.76; phi=0; r_area=0.2; r_area_center=0.275; r_bottom_2=1.8; r_circle=0; r_out1=0; r_par=0.1; r_par_w=0.05; r_per=0.1; r_rez=0; r_road=0.05; r_shaped=1.15; r_shaped_2=1.2; r_shaped_low=1.2; r_via=0.1; r_via_center=0.175; r_via_wall=0.15; rad_circle=0.65; rez=0; t_pog=0; th=0.018; th2=0.204; th3=0.5; th_top=0.07; theta=0; wDiode=0.3048; w_add=0.1; wstub=0.2}
#"Frequency / GHz"	"SZmax(1),Zmax(1) (1) [Re]"	"SZmax(1),Zmax(1) (1) [Im]"	"Ref.Imp. [Re]"	"Ref.Imp. [Im]"
#---------------------------------------------------------------------------------------------------------
22.000000000000	0.82697350667914	-0.14029214082169	376.73031346177	0.00000000000000
22.007000000000	0.82190849298987	-0.16145074470265	376.73031346177	0.00000000000000
22.014000000000	0.81630854876644	-0.18256956452944	376.73031346177	0.00000000000000
22.021000000000	0.81017191741870	-0.20362954653440	376.73031346177	0.00000000000000
22.028000000000	0.80349772373867	-0.22461141741196	376.73031346177	0.00000000000000
22.035000000000	0.79628599412884	-0.24549573437720	376.73031346177	0.00000000000000
22.042000000000	0.78853767346772	-0.26626293711474	376.73031346177	0.00000000000000
22.049000000000	0.78025463842362	-0.28689340135737	376.73031346177	0.00000000000000
22.056000000000	0.77143970705007	-0.30736749381344	376.73031346177	0.00000000000000
22.063000000000	0.76209664452175	-0.32766562814351	376.73031346177	0.00000000000000
22.070000000000	0.75223016489733	-0.34776832167119	376.73031346177	0.00000000000000
22.077000000000	0.74184592882501	-0.36765625249991	376.73031346177	0.00000000000000
22.084000000000	0.73095053713729	-0.38731031669777	376.73031346177	0.00000000000000
22.091000000000	0.71955152031392	-0.40671168520597	376.73031346177	0.00000000000000
22.098000000000	0.70765732382500	-0.42584186012290	376.73031346177	0.00000000000000
22.105000000000	0.69527728939923	-0.44468273001714	376.73031346177	0.00000000000000
22.112000000000	0.68242163229617	-0.46321662392577	376.73031346177	0.00000000000000
22.119000000000	0.66910141469392	-0.48142636370293	376.73031346177	0.00000000000000
22.126000000000	0.65532851533598	-0.49929531439392	376.73031346177	0.00000000000000
22.133000000000	0.64111559561151	-0.51680743232565	376.73031346177	0.00000000000000
22.140000000000	0.62647606227250	-0.53394731062131	376.73031346177	0.00000000000000
22.147000000000	0.61142402701826	-0.55070022186860	376.73031346177	0.00000000000000
22.154000000000	0.59597426320182	-0.56705215769439	376.73031346177	0.00000000000000
22.161000000000	0.58014215993532	-0.58298986502470	376.73031346177	0.00000000000000
22.168000000000	0.56394367388939	-0.59850087883711	376.73031346177	0.00000000000000
22.175000000000	0.54739527909771	-0.61357355124295	376.73031346177	0.00000000000000
22.182000000000	0.53051391508988	-0.62819707676719	376.73031346177	0.00000000000000
22.189000000000	0.51331693368430	-0.64236151372691	376.73031346177	0.00000000000000
22.196000000000	0.49582204477813	-0.65605780164084	376.73031346177	0.00000000000000
22.203000000000	0.47804726147296	-0.66927777463607	376.73031346177	0.00000000000000
22.210000000000	0.46001084487285	-0.68201417084941	376.73031346177	0.00000000000000
22.217000000000	0.44173124888651	-0.69426063785272	376.73031346177	0.00000000000000
22.224000000000	0.42322706535667	-0.70601173416213	376.73031346177	0.00000000000000
22.231000000000	0.40451696982864	-0.71726292691911	376.73031346177	0.00000000000000
22.238000000000	0.38561966825576	-0.72801058585921	376.73031346177	0.00000000000000
22.245000000000	0.36655384492292	-0.73825197370879	376.73031346177	0.00000000000000
22.252000000000	0.34733811185077	-0.74798523317282	376.73031346177	0.00000000000000
22.259000000000	0.32799095992221	-0.75720937069702	376.73031346177	0.00000000000000
22.266000000000	0.30853071195131	-0.76592423720537	376.73031346177	0.00000000000000
22.273000000000	0.28897547789088	-0.77413050602862	376.73031346177	0.00000000000000
22.280000000000	0.26934311235115	-0.78182964825182	376.73031346177	0.00000000000000
22.287000000000	0.24965117457751	-0.78902390571811	376.73031346177	0.00000000000000
22.294000000000	0.22991689100993	-0.79571626193275	376.73031346177	0.00000000000000
22.301000000000	0.21015712052269	-0.80191041111537	376.73031346177	0.00000000000000
22.308000000000	0.19038832241799	-0.80761072564993	376.73031346177	0.00000000000000
22.315000000000	0.17062652722408	-0.81282222218085	376.73031346177	0.00000000000000
22.322000000000	0.15088731032523	-0.81755052660077	376.73031346177	0.00000000000000
22.329000000000	0.13118576842945	-0.82180183817004	376.73031346177	0.00000000000000
22.336000000000	0.11153649885966	-0.82558289300094	376.73031346177	0.00000000000000
22.343000000000	0.091953581634327	-0.82890092713099	376.73031346177	0.00000000000000
22.350000000000	0.072450564287107	-0.83176363939943	376.73031346177	0.00000000000000
22.357000000000	0.053040449358296	-0.83417915432951	376.73031346177	0.00000000000000
22.364000000000	0.033735684477100	-0.83615598520682	376.73031346177	0.00000000000000
22.371000000000	0.014548154941342	-0.83770299753074	376.73031346177	0.00000000000000
22.378000000000	-0.0045108213100660	-0.83882937300205	376.73031346177	0.00000000000000
22.385000000000	-0.023430496445078	-0.83954457419579	376.73031346177	0.00000000000000
22.392000000000	-0.042200693328160	-0.83985831005378	376.73031346177	0.00000000000000
22.399000000000	-0.060811804078451	-0.83978050231692	376.73031346177	0.00000000000000
22.406000000000	-0.079254786727676	-0.83932125300281	376.73031346177	0.00000000000000
22.413000000000	-0.097521160112368	-0.83849081302038	376.73031346177	0.00000000000000
22.420000000000	-0.11560299713606	-0.83729955199909	376.73031346177	0.00000000000000
22.427000000000	-0.13349291653806	-0.83575792939746	376.73031346177	0.00000000000000
22.434000000000	-0.15118407330436	-0.83387646694242	376.73031346177	0.00000000000000
22.441000000000	-0.16867014785454	-0.83166572243951	376.73031346177	0.00000000000000
22.448000000000	-0.18594533413611	-0.82913626498195	376.73031346177	0.00000000000000
22.455000000000	-0.20300432675400	-0.82629865157663	376.73031346177	0.00000000000000
22.462000000000	-0.21984230725904	-0.82316340519467	376.73031346177	0.00000000000000
22.469000000000	-0.23645492971438	-0.81974099424549	376.73031346177	0.00000000000000
22.476000000000	-0.25283830565374	-0.81604181346501	376.73031346177	0.00000000000000
22.483000000000	-0.26898898853982	-0.81207616620103	376.73031346177	0.00000000000000
22.490000000000	-0.28490395782510	-0.80785424807248	376.73031346177	0.00000000000000
22.497000000000	-0.30058060271159	-0.80338613197297	376.73031346177	0.00000000000000
22.504000000000	-0.31601670569948	-0.79868175438436	376.73031346177	0.00000000000000
22.511000000000	-0.33121042600852	-0.79375090296130	376.73031346177	0.00000000000000
22.518000000000	-0.34616028294972	-0.78860320534420	376.73031346177	0.00000000000000
22.525000000000	-0.36086513931856	-0.78324811915499	376.73031346177	0.00000000000000
22.532000000000	-0.37532418487495	-0.77769492312737	376.73031346177	0.00000000000000
22.539000000000	-0.38953691996892	-0.77195270932163	376.73031346177	0.00000000000000
22.546000000000	-0.40350313936542	-0.76603037637255	376.73031346177	0.00000000000000
22.553000000000	-0.41722291631596	-0.75993662371781	376.73031346177	0.00000000000000
22.560000000000	-0.43069658691918	-0.75367994675450	376.73031346177	0.00000000000000
22.567000000000	-0.44392473480764	-0.74726863287022	376.73031346177	0.00000000000000
22.574000000000	-0.45690817619298	-0.74071075829666	376.73031346177	0.00000000000000
22.581000000000	-0.46964794529715	-0.73401418573305	376.73031346177	0.00000000000000
22.588000000000	-0.48214528019297	-0.72718656268860	376.73031346177	0.00000000000000
22.595000000000	-0.49440160907330	-0.72023532049346	376.73031346177	0.00000000000000
22.602000000000	-0.50641853696438	-0.71316767392942	376.73031346177	0.00000000000000
22.609000000000	-0.51819783289523	-0.70599062143292	376.73031346177	0.00000000000000
22.616000000000	-0.52974141753212	-0.69871094582424	376.73031346177	0.00000000000000
22.623000000000	-0.54105135128387	-0.69133521551901	376.73031346177	0.00000000000000
22.630000000000	-0.55212982288118	-0.68386978617937	376.73031346177	0.00000000000000
22.637000000000	-0.56297913843099	-0.67632080276435	376.73031346177	0.00000000000000
22.644000000000	-0.57360171094412	-0.66869420194083	376.73031346177	0.00000000000000
22.651000000000	-0.58400005033324	-0.66099571481822	376.73031346177	0.00000000000000
22.658000000000	-0.59417675387587	-0.65323086997224	376.73031346177	0.00000000000000
22.665000000000	-0.60413449713579	-0.64540499672473	376.73031346177	0.00000000000000
22.672000000000	-0.61387602533501	-0.63752322864866	376.73031346177	0.00000000000000
22.679000000000	-0.62340414516720	-0.62959050726922	376.73031346177	0.00000000000000
22.686000000000	-0.63272171704230	-0.62161158593374	376.73031346177	0.00000000000000
22.693000000000	-0.64183164775168	-0.61359103382492	376.73031346177	0.00000000000000
22.700000000000	-0.65073688354180	-0.60553324009389	376.73031346177	0.00000000000000
22.707000000000	-0.65944040358463	-0.59744241809081	376.73031346177	0.00000000000000
22.714000000000	-0.66794521383177	-0.58932260967297	376.73031346177	0.00000000000000
22.721000000000	-0.67625434123953	-0.58117768957119	376.73031346177	0.00000000000000
22.728000000000	-0.68437082835168	-0.57301136979755	376.73031346177	0.00000000000000
22.735000000000	-0.69229772822643	-0.56482720407840	376.73031346177	0.00000000000000
22.742000000000	-0.70003809969431	-0.55662859229813	376.73031346177	0.00000000000000
22.749000000000	-0.70759500293347	-0.54841878494049	376.73031346177	0.00000000000000
22.756000000000	-0.71497149534889	-0.54020088751543	376.73031346177	0.00000000000000
22.763000000000	-0.72217062774253	-0.53197786496060	376.73031346177	0.00000000000000
22.770000000000	-0.72919544076098	-0.52375254600777	376.73031346177	0.00000000000000
22.777000000000	-0.73604896160808	-0.51552762750525	376.73031346177	0.00000000000000
22.784000000000	-0.74273420100964	-0.50730567868876	376.73031346177	0.00000000000000
22.791000000000	-0.74925415041796	-0.49908914539350	376.73031346177	0.00000000000000
22.798000000000	-0.75561177944425	-0.49088035420168	376.73031346177	0.00000000000000
22.805000000000	-0.76181003350703	-0.48268151651984	376.73031346177	0.00000000000000
22.812000000000	-0.76785183168525	-0.47449473258168	376.73031346177	0.00000000000000
22.819000000000	-0.77374006476515	-0.46632199537219	376.73031346177	0.00000000000000
22.826000000000	-0.77947759347007	-0.45816519446995	376.73031346177	0.00000000000000
22.833000000000	-0.78506724686305	-0.45002611980469	376.73031346177	0.00000000000000
22.840000000000	-0.79051182091229	-0.44190646532802	376.73031346177	0.00000000000000
22.847000000000	-0.79581407720995	-0.43380783259537	376.73031346177	0.00000000000000
22.854000000000	-0.80097674183511	-0.42573173425799	376.73031346177	0.00000000000000
22.861000000000	-0.80600250435218	-0.41767959746398	376.73031346177	0.00000000000000
22.868000000000	-0.81089401693636	-0.40965276716771	376.73031346177	0.00000000000000
22.875000000000	-0.81565389361810	-0.40165250934758	376.73031346177	0.00000000000000
22.882000000000	-0.82028470963893	-0.39368001413193	376.73031346177	0.00000000000000
22.889000000000	-0.82478900091135	-0.38573639883358	376.73031346177	0.00000000000000
22.896000000000	-0.82916926357580	-0.37782271089342	376.73031346177	0.00000000000000
22.903000000000	-0.83342795364819	-0.36993993073395	376.73031346177	0.00000000000000
22.910000000000	-0.83756748675150	-0.36208897452354	376.73031346177	0.00000000000000
22.917000000000	-0.84159023792577	-0.35427069685277	376.73031346177	0.00000000000000
22.924000000000	-0.84549854151047	-0.34648589332375	376.73031346177	0.00000000000000
22.931000000000	-0.84929469109427	-0.33873530305421	376.73031346177	0.00000000000000
22.938000000000	-0.85298093952678	-0.33101961109757	376.73031346177	0.00000000000000
22.945000000000	-0.85655949898773	-0.32333945078063	376.73031346177	0.00000000000000
22.952000000000	-0.86003254110890	-0.31569540596073	376.73031346177	0.00000000000000
22.959000000000	-0.86340219714456	-0.30808801320382	376.73031346177	0.00000000000000
22.966000000000	-0.86667055818650	-0.30051776388548	376.73031346177	0.00000000000000
22.973000000000	-0.86983967541967	-0.29298510621658	376.73031346177	0.00000000000000
22.980000000000	-0.87291156041496	-0.28549044719557	376.73031346177	0.00000000000000
22.987000000000	-0.87588818545579	-0.27803415448907	376.73031346177	0.00000000000000
22.994000000000	-0.87877148389534	-0.27061655824297	376.73031346177	0.00000000000000
23.001000000000	-0.88156335054135	-0.26323795282561	376.73031346177	0.00000000000000
23.008000000000	-0.88426564206589	-0.25589859850529	376.73031346177	0.00000000000000
23.015000000000	-0.88688017743741	-0.24859872306373	376.73031346177	0.00000000000000
23.022000000000	-0.88940873837262	-0.24133852334758	376.73031346177	0.00000000000000
23.029000000000	-0.89185306980597	-0.23411816675971	376.73031346177	0.00000000000000
23.036000000000	-0.89421488037467	-0.22693779269230	376.73031346177	0.00000000000000
23.043000000000	-0.89649584291705	-0.21979751390342	376.73031346177	0.00000000000000
23.050000000000	-0.89869759498276	-0.21269741783897	376.73031346177	0.00000000000000
23.057000000000	-0.90082173935273	-0.20563756790188	376.73031346177	0.00000000000000
23.064000000000	-0.90286984456763	-0.19861800467007	376.73031346177	0.00000000000000
23.071000000000	-0.90484344546302	-0.19163874706515	376.73031346177	0.00000000000000
23.078000000000	-0.90674404371017	-0.18469979347340	376.73031346177	0.00000000000000
23.085000000000	-0.90857310836095	-0.17780112282068	376.73031346177	0.00000000000000
23.092000000000	-0.91033207639581	-0.17094269560300	376.73031346177	0.00000000000000
23.099000000000	-0.91202235327376	-0.16412445487413	376.73031346177	0.00000000000000
23.106000000000	-0.91364531348325	-0.15734632719199	376.73031346177	0.00000000000000
23.113000000000	-0.91520230109307	-0.15060822352517	376.73031346177	0.00000000000000
23.120000000000	-0.91669463030246	-0.14391004012104	376.73031346177	0.00000000000000
23.127000000000	-0.91812358598968	-0.13725165933703	376.73031346177	0.00000000000000
23.134000000000	-0.91949042425814	-0.13063295043621	376.73031346177	0.00000000000000
23.141000000000	-0.92079637297970	-0.12405377034862	376.73031346177	0.00000000000000
23.148000000000	-0.92204263233437	-0.11751396439978	376.73031346177	0.00000000000000
23.155000000000	-0.92323037534596	-0.11101336700735	376.73031346177	0.00000000000000
23.162000000000	-0.92436074841308	-0.10455180234740	376.73031346177	0.00000000000000
23.169000000000	-0.92543487183523	-0.098129084991319	376.73031346177	0.00000000000000
23.176000000000	-0.92645384033344	-0.091745020514609	376.73031346177	0.00000000000000
23.183000000000	-0.92741872356511	-0.085399406078593	376.73031346177	0.00000000000000
23.190000000000	-0.92833056663284	-0.079092030986102	376.73031346177	0.00000000000000
23.197000000000	-0.92919039058689	-0.072822677212241	376.73031346177	0.00000000000000
23.204000000000	-0.92999919292097	-0.066591119911129	376.73031346177	0.00000000000000
23.211000000000	-0.93075794806131	-0.060397127899671	376.73031346177	0.00000000000000
23.218000000000	-0.93146760784864	-0.054240464119215	376.73031346177	0.00000000000000
23.225000000000	-0.93212910201305	-0.048120886076007	376.73031346177	0.00000000000000
23.232000000000	-0.93274333864154	-0.042038146261348	376.73031346177	0.00000000000000
23.239000000000	-0.93331120463812	-0.035991992552209	376.73031346177	0.00000000000000
23.246000000000	-0.93383356617644	-0.029982168593174	376.73031346177	0.00000000000000
23.253000000000	-0.93431126914485	-0.024008414160442	376.73031346177	0.00000000000000
23.260000000000	-0.93474513958376	-0.018070465508622	376.73031346177	0.00000000000000
23.267000000000	-0.93513598411540	-0.012168055701099	376.73031346177	0.00000000000000
23.274000000000	-0.93548459036585	-0.0063009149245578	376.73031346177	0.00000000000000
23.281000000000	-0.93579172737940	-0.00046877078844167	376.73031346177	0.00000000000000
23.288000000000	-0.93605814602515	0.0053286513901313	376.73031346177	0.00000000000000
23.295000000000	-0.93628457939600	0.011091628315280	376.73031346177	0.00000000000000
23.302000000000	-0.93647174319998	0.016820438454584	376.73031346177	0.00000000000000
23.309000000000	-0.93662033614389	0.022515361794037	376.73031346177	0.00000000000000
23.316000000000	-0.93673104030951	0.028176679605134	376.73031346177	0.00000000000000
23.323000000000	-0.93680452152214	0.033804674223655	376.73031346177	0.00000000000000
23.330000000000	-0.93684142971184	0.039399628839591	376.73031346177	0.00000000000000
23.337000000000	-0.93684239926715	0.044961827297711	376.73031346177	0.00000000000000
23.344000000000	-0.93680804938163	0.050491553908383	376.73031346177	0.00000000000000
23.351000000000	-0.93673898439309	0.055989093268103	376.73031346177	0.00000000000000
23.358000000000	-0.93663579411568	0.061454730089417	376.73031346177	0.00000000000000
23.365000000000	-0.93649905416501	0.066888749039715	376.73031346177	0.00000000000000
23.372000000000	-0.93632932627617	0.072291434588590	376.73031346177	0.00000000000000
23.379000000000	-0.93612715861505	0.077663070863355	376.73031346177	0.00000000000000
23.386000000000	-0.93589308608274	0.083003941512320	376.73031346177	0.00000000000000
23.393000000000	-0.93562763061337	0.088314329575566	376.73031346177	0.00000000000000
23.400000000000	-0.93533130146538	0.093594517362779	376.73031346177	0.00000000000000
23.407000000000	-0.93500459550624	0.098844786337921	376.73031346177	0.00000000000000
23.414000000000	-0.93464799749096	0.10406541701038	376.73031346177	0.00000000000000
23.421000000000	-0.93426198033428	0.10925668883227	376.73031346177	0.00000000000000
23.428000000000	-0.93384700537668	0.11441888010177	376.73031346177	0.00000000000000
23.435000000000	-0.93340352264449	0.11955226787190	376.73031346177	0.00000000000000
23.442000000000	-0.93293197110397	0.12465712786491	376.73031346177	0.00000000000000
23.449000000000	-0.93243277890966	0.12973373439165	376.73031346177	0.00000000000000
23.456000000000	-0.93190636364698	0.13478236027592	376.73031346177	0.00000000000000
23.463000000000	-0.93135313256926	0.13980327678344	376.73031346177	0.00000000000000
23.470000000000	-0.93077348282932	0.14479675355532	376.73031346177	0.00000000000000
23.477000000000	-0.93016780170565	0.14976305854575	376.73031346177	0.00000000000000
23.484000000000	-0.92953646682331	0.15470245796379	376.73031346177	0.00000000000000
23.491000000000	-0.92887984636970	0.15961521621892	376.73031346177	0.00000000000000
23.498000000000	-0.92819829930530	0.16450159587036	376.73031346177	0.00000000000000
23.505000000000	-0.92749217556939	0.16936185757982	376.73031346177	0.00000000000000
23.512000000000	-0.92676181628101	0.17419626006762	376.73031346177	0.00000000000000
23.519000000000	-0.92600755393515	0.17900506007201	376.73031346177	0.00000000000000
23.526000000000	-0.92522971259425	0.18378851231137	376.73031346177	0.00000000000000
23.533000000000	-0.92442860807526	0.18854686944947	376.73031346177	0.00000000000000
23.540000000000	-0.92360454813217	0.19328038206329	376.73031346177	0.00000000000000
23.547000000000	-0.92275783263426	0.19798929861354	376.73031346177	0.00000000000000
23.554000000000	-0.92188875374006	0.20267386541757	376.73031346177	0.00000000000000
23.561000000000	-0.92099759606720	0.20733432662470	376.73031346177	0.00000000000000
23.568000000000	-0.92008463685816	0.21197092419367	376.73031346177	0.00000000000000
23.575000000000	-0.91915014614207	0.21658389787233	376.73031346177	0.00000000000000
23.582000000000	-0.91819438689266	0.22117348517915	376.73031346177	0.00000000000000
23.589000000000	-0.91721761518236	0.22573992138684	376.73031346177	0.00000000000000
23.596000000000	-0.91622008033276	0.23028343950758	376.73031346177	0.00000000000000
23.603000000000	-0.91520202506143	0.23480427028006	376.73031346177	0.00000000000000
23.610000000000	-0.91416368562519	0.23930264215811	376.73031346177	0.00000000000000
23.617000000000	-0.91310529195994	0.24377878130084	376.73031346177	0.00000000000000
23.624000000000	-0.91202706781714	0.24823291156425	376.73031346177	0.00000000000000
23.631000000000	-0.91092923089698	0.25266525449415	376.73031346177	0.00000000000000
23.638000000000	-0.90981199297835	0.25707602932045	376.73031346177	0.00000000000000
23.645000000000	-0.90867556004562	0.26146545295259	376.73031346177	0.00000000000000
23.652000000000	-0.90752013241248	0.26583373997619	376.73031346177	0.00000000000000
23.659000000000	-0.90634590484261	0.27018110265069	376.73031346177	0.00000000000000
23.666000000000	-0.90515306666764	0.27450775090809	376.73031346177	0.00000000000000
23.673000000000	-0.90394180190205	0.27881389235262	376.73031346177	0.00000000000000
23.680000000000	-0.90271228935547	0.28309973226128	376.73031346177	0.00000000000000
23.687000000000	-0.90146470274217	0.28736547358528	376.73031346177	0.00000000000000
23.694000000000	-0.90019921078788	0.29161131695224	376.73031346177	0.00000000000000
23.701000000000	-0.89891597733415	0.29583746066912	376.73031346177	0.00000000000000
23.708000000000	-0.89761516144002	0.30004410072588	376.73031346177	0.00000000000000
23.715000000000	-0.89629691748141	0.30423143079975	376.73031346177	0.00000000000000
23.722000000000	-0.89496139524792	0.30839964226014	376.73031346177	0.00000000000000
23.729000000000	-0.89360874003749	0.31254892417411	376.73031346177	0.00000000000000
23.736000000000	-0.89223909274858	0.31667946331231	376.73031346177	0.00000000000000
23.743000000000	-0.89085258997030	0.32079144415547	376.73031346177	0.00000000000000
23.750000000000	-0.88944936407024	0.32488504890134	376.73031346177	0.00000000000000
23.757000000000	-0.88802954328023	0.32896045747197	376.73031346177	0.00000000000000
23.764000000000	-0.88659325178002	0.33301784752145	376.73031346177	0.00000000000000
23.771000000000	-0.88514060977898	0.33705739444396	376.73031346177	0.00000000000000
23.778000000000	-0.88367173359580	0.34107927138214	376.73031346177	0.00000000000000
23.785000000000	-0.88218673573626	0.34508364923579	376.73031346177	0.00000000000000
23.792000000000	-0.88068572496917	0.34907069667078	376.73031346177	0.00000000000000
23.799000000000	-0.87916880640044	0.35304058012820	376.73031346177	0.00000000000000
23.806000000000	-0.87763608154544	0.35699346383378	376.73031346177	0.00000000000000
23.813000000000	-0.87608764839954	0.36092950980745	376.73031346177	0.00000000000000
23.820000000000	-0.87452360150705	0.36484887787307	376.73031346177	0.00000000000000
23.827000000000	-0.87294403202842	0.36875172566830	376.73031346177	0.00000000000000
23.834000000000	-0.87134902780592	0.37263820865463	376.73031346177	0.00000000000000
23.841000000000	-0.86973867342770	0.37650848012746	376.73031346177	0.00000000000000
23.848000000000	-0.86811305029032	0.38036269122634	376.73031346177	0.00000000000000
23.855000000000	-0.86647223665984	0.38420099094518	376.73031346177	0.00000000000000
23.862000000000	-0.86481630773141	0.38802352614259	376.73031346177	0.00000000000000
23.869000000000	-0.86314533568746	0.39183044155223	376.73031346177	0.00000000000000
23.876000000000	-0.86145938975452	0.39562187979317	376.73031346177	0.00000000000000
23.883000000000	-0.85975853625870	0.39939798138026	376.73031346177	0.00000000000000
23.890000000000	-0.85804283867983	0.40315888473451	376.73031346177	0.00000000000000
23.897000000000	-0.85631235770438	0.40690472619342	376.73031346177	0.00000000000000
23.904000000000	-0.85456715127706	0.41063564002126	376.73031346177	0.00000000000000
23.911000000000	-0.85280727465127	0.41435175841939	376.73031346177	0.00000000000000
23.918000000000	-0.85103278043836	0.41805321153642	376.73031346177	0.00000000000000
23.925000000000	-0.84924371865572	0.42174012747833	376.73031346177	0.00000000000000
23.932000000000	-0.84744013677372	0.42541263231857	376.73031346177	0.00000000000000
23.939000000000	-0.84562207976167	0.42907085010799	376.73031346177	0.00000000000000
23.946000000000	-0.84378959013255	0.43271490288472	376.73031346177	0.00000000000000
23.953000000000	-0.84194270798688	0.43634491068392	376.73031346177	0.00000000000000
23.960000000000	-0.84008147105542	0.43996099154745	376.73031346177	0.00000000000000
23.967000000000	-0.83820591474100	0.44356326153335	376.73031346177	0.00000000000000
23.974000000000	-0.83631607215934	0.44715183472528	376.73031346177	0.00000000000000
23.981000000000	-0.83441197417896	0.45072682324172	376.73031346177	0.00000000000000
23.988000000000	-0.83249364946016	0.45428833724514	376.73031346177	0.00000000000000
23.995000000000	-0.83056112449310	0.45783648495091	376.73031346177	0.00000000000000
24.002000000000	-0.82861442363509	0.46137137263611	376.73031346177	0.00000000000000
24.009000000000	-0.82665356914699	0.46489310464818	376.73031346177	0.00000000000000
24.016000000000	-0.82467858122874	0.46840178341340	376.73031346177	0.00000000000000
24.023000000000	-0.82268947805425	0.47189750944517	376.73031346177	0.00000000000000
24.030000000000	-0.82068627580533	0.47538038135210	376.73031346177	0.00000000000000
24.037000000000	-0.81866898870504	0.47885049584604	376.73031346177	0.00000000000000
24.044000000000	-0.81663762905016	0.48230794774970	376.73031346177	0.00000000000000
24.051000000000	-0.81459220724307	0.48575283000433	376.73031346177	0.00000000000000
24.058000000000	-0.81253273182284	0.48918523367700	376.73031346177	0.00000000000000
24.065000000000	-0.81045920949574	0.49260524796781	376.73031346177	0.00000000000000
24.072000000000	-0.80837164516499	0.49601296021683	376.73031346177	0.00000000000000
24.079000000000	-0.80627004195997	0.49940845591088	376.73031346177	0.00000000000000
24.086000000000	-0.80415440126478	0.50279181869003	376.73031346177	0.00000000000000
24.093000000000	-0.80202472274613	0.50616313035401	376.73031346177	0.00000000000000
24.100000000000	-0.79988100438078	0.50952247086827	376.73031346177	0.00000000000000
24.107000000000	-0.79772324248229	0.51286991836993	376.73031346177	0.00000000000000
24.114000000000	-0.79555143172728	0.51620554917343	376.73031346177	0.00000000000000
24.121000000000	-0.79336556518114	0.51952943777606	376.73031346177	0.00000000000000
24.128000000000	-0.79116563432325	0.52284165686311	376.73031346177	0.00000000000000
24.135000000000	-0.78895162907162	0.52614227731300	376.73031346177	0.00000000000000
24.142000000000	-0.78672353780714	0.52943136820197	376.73031346177	0.00000000000000
24.149000000000	-0.78448134739728	0.53270899680872	376.73031346177	0.00000000000000
24.156000000000	-0.78222504321937	0.53597522861870	376.73031346177	0.00000000000000
24.163000000000	-0.77995460918342	0.53923012732825	376.73031346177	0.00000000000000
24.170000000000	-0.77767002775450	0.54247375484842	376.73031346177	0.00000000000000
24.177000000000	-0.77537127997473	0.54570617130864	376.73031346177	0.00000000000000
24.184000000000	-0.77305834548487	0.54892743506013	376.73031346177	0.00000000000000
24.191000000000	-0.77073120254543	0.55213760267903	376.73031346177	0.00000000000000
24.198000000000	-0.76838982805758	0.55533672896934	376.73031346177	0.00000000000000
24.205000000000	-0.76603419758347	0.55852486696563	376.73031346177	0.00000000000000
24.212000000000	-0.76366428536641	0.56170206793545	376.73031346177	0.00000000000000
24.219000000000	-0.76128006435056	0.56486838138158	376.73031346177	0.00000000000000
24.226000000000	-0.75888150620038	0.56802385504395	376.73031346177	0.00000000000000
24.233000000000	-0.75646858131968	0.57116853490143	376.73031346177	0.00000000000000
24.240000000000	-0.75404125887048	0.57430246517325	376.73031346177	0.00000000000000
24.247000000000	-0.75159950679147	0.57742568832029	376.73031346177	0.00000000000000
24.254000000000	-0.74914329181625	0.58053824504609	376.73031346177	0.00000000000000
24.261000000000	-0.74667257949127	0.58364017429754	376.73031346177	0.00000000000000
24.268000000000	-0.74418733419351	0.58673151326549	376.73031346177	0.00000000000000
24.275000000000	-0.74168751914796	0.58981229738494	376.73031346177	0.00000000000000
24.282000000000	-0.73917309644479	0.59288256033514	376.73031346177	0.00000000000000
24.289000000000	-0.73664402705632	0.59594233403931	376.73031346177	0.00000000000000
24.296000000000	-0.73410027085382	0.59899164866424	376.73031346177	0.00000000000000
24.303000000000	-0.73154178662402	0.60203053261954	376.73031346177	0.00000000000000
24.310000000000	-0.72896853208549	0.60505901255674	376.73031346177	0.00000000000000
24.317000000000	-0.72638046390481	0.60807711336808	376.73031346177	0.00000000000000
24.324000000000	-0.72377753771254	0.61108485818507	376.73031346177	0.00000000000000
24.331000000000	-0.72115970811905	0.61408226837682	376.73031346177	0.00000000000000
24.338000000000	-0.71852692873021	0.61706936354816	376.73031346177	0.00000000000000
24.345000000000	-0.71587915216288	0.62004616153742	376.73031346177	0.00000000000000
24.352000000000	-0.71321633006030	0.62301267841408	376.73031346177	0.00000000000000
24.359000000000	-0.71053841310734	0.62596892847608	376.73031346177	0.00000000000000
24.366000000000	-0.70784535104564	0.62891492424698	376.73031346177	0.00000000000000
24.373000000000	-0.70513709268859	0.63185067647280	376.73031346177	0.00000000000000
24.380000000000	-0.70241358593632	0.63477619411869	376.73031346177	0.00000000000000
24.387000000000	-0.69967477779045	0.63769148436526	376.73031346177	0.00000000000000
24.394000000000	-0.69692061436884	0.64059655260481	376.73031346177	0.00000000000000
24.401000000000	-0.69415104092032	0.64349140243719	376.73031346177	0.00000000000000
24.408000000000	-0.69136600183921	0.64637603566548	376.73031346177	0.00000000000000
24.415000000000	-0.68856544067989	0.64925045229147	376.73031346177	0.00000000000000
24.422000000000	-0.68574930017131	0.65211465051081	376.73031346177	0.00000000000000
24.429000000000	-0.68291752223140	0.65496862670802	376.73031346177	0.00000000000000
24.436000000000	-0.68007004798153	0.65781237545117	376.73031346177	0.00000000000000
24.443000000000	-0.67720681776087	0.66064588948643	376.73031346177	0.00000000000000
24.450000000000	-0.67432777114081	0.66346915973230	376.73031346177	0.00000000000000
24.457000000000	-0.67143284693927	0.66628217527364	376.73031346177	0.00000000000000
24.464000000000	-0.66852198323516	0.66908492335548	376.73031346177	0.00000000000000
24.471000000000	-0.66559511738268	0.67187738937659	376.73031346177	0.00000000000000
24.478000000000	-0.66265218602578	0.67465955688279	376.73031346177	0.00000000000000
24.485000000000	-0.65969312511258	0.67743140756011	376.73031346177	0.00000000000000
24.492000000000	-0.65671786990982	0.68019292122761	376.73031346177	0.00000000000000
24.499000000000	-0.65372635501737	0.68294407583008	376.73031346177	0.00000000000000
24.506000000000	-0.65071851438282	0.68568484743048	376.73031346177	0.00000000000000
24.513000000000	-0.64769428131606	0.68841521020211	376.73031346177	0.00000000000000
24.520000000000	-0.64465358850399	0.69113513642061	376.73031346177	0.00000000000000
24.527000000000	-0.64159636802527	0.69384459645576	376.73031346177	0.00000000000000
24.534000000000	-0.63852255136518	0.69654355876298	376.73031346177	0.00000000000000
24.541000000000	-0.63543206943058	0.69923198987470	376.73031346177	0.00000000000000
24.548000000000	-0.63232485256490	0.70190985439143	376.73031346177	0.00000000000000
24.553440000000	-0.62989850005746	0.70398361714270	376.73031346177	0.00000000000000
24.555000000000	-0.62920083056332	0.70457711497271	376.73031346177	0.00000000000000
24.562000000000	-0.62605993268805	0.70723373232778	376.73031346177	0.00000000000000
24.569000000000	-0.62290208768370	0.70987966520604	376.73031346177	0.00000000000000
24.576000000000	-0.61972722379281	0.71251487038735	376.73031346177	0.00000000000000
24.583000000000	-0.61653526877153	0.71513930267208	376.73031346177	0.00000000000000
24.590000000000	-0.61332614990540	0.71775291487097	376.73031346177	0.00000000000000
24.597000000000	-0.61009979402539	0.72035565779480	376.73031346177	0.00000000000000
24.604000000000	-0.60685612752396	0.72294748024383	376.73031346177	0.00000000000000
24.611000000000	-0.60359507637147	0.72552832899708	376.73031346177	0.00000000000000
24.618000000000	-0.60031656613257	0.72809814880137	376.73031346177	0.00000000000000
24.625000000000	-0.59702052198299	0.73065688236025	376.73031346177	0.00000000000000
24.632000000000	-0.59370686872636	0.73320447032261	376.73031346177	0.00000000000000
24.639000000000	-0.59037553081137	0.73574085127124	376.73031346177	0.00000000000000
24.646000000000	-0.58702643234900	0.73826596171111	376.73031346177	0.00000000000000
24.653000000000	-0.58365949713013	0.74077973605751	376.73031346177	0.00000000000000
24.660000000000	-0.58027464864330	0.74328210662401	376.73031346177	0.00000000000000
24.667000000000	-0.57687181009268	0.74577300361024	376.73031346177	0.00000000000000
24.674000000000	-0.57345090441638	0.74825235508947	376.73031346177	0.00000000000000
24.681000000000	-0.57001185430496	0.75072008699609	376.73031346177	0.00000000000000
24.688000000000	-0.56655458222018	0.75317612311286	376.73031346177	0.00000000000000
24.695000000000	-0.56307901041415	0.75562038505802	376.73031346177	0.00000000000000
24.702000000000	-0.55958506094857	0.75805279227224	376.73031346177	0.00000000000000
24.709000000000	-0.55607265571447	0.76047326200546	376.73031346177	0.00000000000000
24.716000000000	-0.55254171645207	0.76288170930349	376.73031346177	0.00000000000000
24.723000000000	-0.54899216477112	0.76527804699454	376.73031346177	0.00000000000000
24.730000000000	-0.54542392217139	0.76766218567558	376.73031346177	0.00000000000000
24.737000000000	-0.54183691006363	0.77003403369859	376.73031346177	0.00000000000000
24.744000000000	-0.53823104979077	0.77239349715659	376.73031346177	0.00000000000000
24.751000000000	-0.53460626264952	0.77474047986971	376.73031346177	0.00000000000000
24.758000000000	-0.53096246991234	0.77707488337092	376.73031346177	0.00000000000000
24.765000000000	-0.52729959284967	0.77939660689186	376.73031346177	0.00000000000000
24.772000000000	-0.52361755275266	0.78170554734838	376.73031346177	0.00000000000000
24.779000000000	-0.51991627095621	0.78400159932610	376.73031346177	0.00000000000000
24.786000000000	-0.51619566886242	0.78628465506577	376.73031346177	0.00000000000000
24.793000000000	-0.51245566796443	0.78855460444865	376.73031346177	0.00000000000000
24.800000000000	-0.50869618987067	0.79081133498164	376.73031346177	0.00000000000000
24.807000000000	-0.50491715632954	0.79305473178251	376.73031346177	0.00000000000000
24.814000000000	-0.50111848925453	0.79528467756491	376.73031346177	0.00000000000000
24.821000000000	-0.49730011074972	0.79750105262337	376.73031346177	0.00000000000000
24.828000000000	-0.49346194313576	0.79970373481823	376.73031346177	0.00000000000000
24.835000000000	-0.48960390897635	0.80189259956054	376.73031346177	0.00000000000000
24.842000000000	-0.48572593110511	0.80406751979683	376.73031346177	0.00000000000000
24.849000000000	-0.48182793265295	0.80622836599394	376.73031346177	0.00000000000000
24.856000000000	-0.47790983707592	0.80837500612374	376.73031346177	0.00000000000000
24.863000000000	-0.47397156818360	0.81050730564785	376.73031346177	0.00000000000000
24.870000000000	-0.47001305016788	0.81262512750238	376.73031346177	0.00000000000000
24.877000000000	-0.46603420763239	0.81472833208256	376.73031346177	0.00000000000000
24.884000000000	-0.46203496562234	0.81681677722748	376.73031346177	0.00000000000000
24.891000000000	-0.45801524965491	0.81889031820479	376.73031346177	0.00000000000000
24.898000000000	-0.45397498575025	0.82094880769540	376.73031346177	0.00000000000000
24.905000000000	-0.44991410046294	0.82299209577821	376.73031346177	0.00000000000000
24.912000000000	-0.44583252091403	0.82502002991493	376.73031346177	0.00000000000000
24.919000000000	-0.44173017482369	0.82703245493488	376.73031346177	0.00000000000000
24.926000000000	-0.43760699054438	0.82902921301988	376.73031346177	0.00000000000000
24.933000000000	-0.43346289709464	0.83101014368921	376.73031346177	0.00000000000000
24.940000000000	-0.42929782419347	0.83297508378461	376.73031346177	0.00000000000000
24.947000000000	-0.42511170229526	0.83492386745545	376.73031346177	0.00000000000000
24.954000000000	-0.42090446262546	0.83685632614389	376.73031346177	0.00000000000000
24.961000000000	-0.41667603721672	0.83877228857026	376.73031346177	0.00000000000000
24.968000000000	-0.41242635894574	0.84067158071851	376.73031346177	0.00000000000000
24.975000000000	-0.40815536157080	0.84255402582177	376.73031346177	0.00000000000000
24.982000000000	-0.40386297976985	0.84441944434814	376.73031346177	0.00000000000000
24.989000000000	-0.39954914917927	0.84626765398658	376.73031346177	0.00000000000000
24.996000000000	-0.39521380643341	0.84809846963300	376.73031346177	0.00000000000000
25.003000000000	-0.39085688920462	0.84991170337655	376.73031346177	0.00000000000000
25.010000000000	-0.38647833624415	0.85170716448606	376.73031346177	0.00000000000000
25.017000000000	-0.38207808742358	0.85348465939681	376.73031346177	0.00000000000000
25.024000000000	-0.37765608377710	0.85524399169742	376.73031346177	0.00000000000000
25.031000000000	-0.37321226754435	0.85698496211706	376.73031346177	0.00000000000000
25.038000000000	-0.36874658221412	0.85870736851289	376.73031346177	0.00000000000000
25.045000000000	-0.36425897256867	0.86041100585783	376.73031346177	0.00000000000000
25.052000000000	-0.35974938472882	0.86209566622856	376.73031346177	0.00000000000000
25.059000000000	-0.35521776619982	0.86376113879391	376.73031346177	0.00000000000000
25.066000000000	-0.35066406591787	0.86540720980352	376.73031346177	0.00000000000000
25.073000000000	-0.34608823429752	0.86703366257689	376.73031346177	0.00000000000000
25.080000000000	-0.34149022327972	0.86864027749281	376.73031346177	0.00000000000000
25.087000000000	-0.33686998638075	0.87022683197912	376.73031346177	0.00000000000000
25.094000000000	-0.33222747874180	0.87179310050294	376.73031346177	0.00000000000000
25.101000000000	-0.32756265717944	0.87333885456130	376.73031346177	0.00000000000000
25.108000000000	-0.32287548023686	0.87486386267221	376.73031346177	0.00000000000000
25.115000000000	-0.31816590823583	0.87636789036624	376.73031346177	0.00000000000000
25.122000000000	-0.31343390332959	0.87785070017851	376.73031346177	0.00000000000000
25.129000000000	-0.30867942955642	0.87931205164128	376.73031346177	0.00000000000000
25.136000000000	-0.30390245289413	0.88075170127699	376.73031346177	0.00000000000000
25.143000000000	-0.29910294131527	0.88216940259193	376.73031346177	0.00000000000000
25.150000000000	-0.29428086484326	0.88356490607042	376.73031346177	0.00000000000000
25.157000000000	-0.28943619560927	0.88493795916966	376.73031346177	0.00000000000000
25.164000000000	-0.28456890790996	0.88628830631512	376.73031346177	0.00000000000000
25.171000000000	-0.27967897826607	0.88761568889665	376.73031346177	0.00000000000000
25.178000000000	-0.27476638548182	0.88891984526522	376.73031346177	0.00000000000000
25.185000000000	-0.26983111070516	0.89020051073040	376.73031346177	0.00000000000000
25.192000000000	-0.26487313748889	0.89145741755853	376.73031346177	0.00000000000000
25.199000000000	-0.25989245185255	0.89269029497161	376.73031346177	0.00000000000000
25.206000000000	-0.25488904234527	0.89389886914709	376.73031346177	0.00000000000000
25.213000000000	-0.24986290010936	0.89508286321828	376.73031346177	0.00000000000000
25.220000000000	-0.24481401894480	0.89624199727578	376.73031346177	0.00000000000000
25.227000000000	-0.23974239537458	0.89737598836961	376.73031346177	0.00000000000000
25.234000000000	-0.23464802871087	0.89848455051238	376.73031346177	0.00000000000000
25.241000000000	-0.22953092112204	0.89956739468320	376.73031346177	0.00000000000000
25.248000000000	-0.22439107770053	0.90062422883271	376.73031346177	0.00000000000000
25.255000000000	-0.21922850653158	0.90165475788901	376.73031346177	0.00000000000000
25.262000000000	-0.21404321876274	0.90265868376454	376.73031346177	0.00000000000000
25.269000000000	-0.20883522867426	0.90363570536412	376.73031346177	0.00000000000000
25.276000000000	-0.20360455375037	0.90458551859398	376.73031346177	0.00000000000000
25.283000000000	-0.19835121475123	0.90550781637192	376.73031346177	0.00000000000000
25.290000000000	-0.19307523578584	0.90640228863857	376.73031346177	0.00000000000000
25.297000000000	-0.18777664438573	0.90726862236987	376.73031346177	0.00000000000000
25.304000000000	-0.18245547157940	0.90810650159074	376.73031346177	0.00000000000000
25.311000000000	-0.17711175196767	0.90891560738994	376.73031346177	0.00000000000000
25.318000000000	-0.17174552379965	0.90969561793624	376.73031346177	0.00000000000000
25.325000000000	-0.16635682904971	0.91044620849592	376.73031346177	0.00000000000000
25.332000000000	-0.16094571349504	0.91116705145151	376.73031346177	0.00000000000000
25.339000000000	-0.15551222679401	0.91185781632203	376.73031346177	0.00000000000000
25.346000000000	-0.15005642256537	0.91251816978457	376.73031346177	0.00000000000000
25.353000000000	-0.14457835846804	0.91314777569729	376.73031346177	0.00000000000000
25.360000000000	-0.13907809628174	0.91374629512399	376.73031346177	0.00000000000000
25.367000000000	-0.13355570198824	0.91431338636010	376.73031346177	0.00000000000000
25.374000000000	-0.12801124585335	0.91484870496033	376.73031346177	0.00000000000000
25.381000000000	-0.12244480250954	0.91535190376785	376.73031346177	0.00000000000000
25.388000000000	-0.11685645103924	0.91582263294509	376.73031346177	0.00000000000000
25.395000000000	-0.11124627505876	0.91626054000626	376.73031346177	0.00000000000000
25.402000000000	-0.10561436280283	0.91666526985158	376.73031346177	0.00000000000000
25.409000000000	-0.099960807209674	0.91703646480321	376.73031346177	0.00000000000000
25.416000000000	-0.094285706006742	0.91737376464300	376.73031346177	0.00000000000000
25.423000000000	-0.088589161796902	0.91767680665206	376.73031346177	0.00000000000000
25.430000000000	-0.082871282145192	0.91794522565224	376.73031346177	0.00000000000000
25.437000000000	-0.077132179666036	0.91817865404941	376.73031346177	0.00000000000000
25.444000000000	-0.071371972110920	0.91837672187878	376.73031346177	0.00000000000000
25.451000000000	-0.065590782456518	0.91853905685218	376.73031346177	0.00000000000000
25.458000000000	-0.059788738993183	0.91866528440736	376.73031346177	0.00000000000000
25.465000000000	-0.053965975413840	0.91875502775933	376.73031346177	0.00000000000000
25.472000000000	-0.048122630903178	0.91880790795381	376.73031346177	0.00000000000000
25.479000000000	-0.042258850227144	0.91882354392289	376.73031346177	0.00000000000000
25.486000000000	-0.036374783822724	0.91880155254276	376.73031346177	0.00000000000000
25.493000000000	-0.030470587887893	0.91874154869375	376.73031346177	0.00000000000000
25.500000000000	-0.024546424471802	0.91864314532259	376.73031346177	0.00000000000000
25.507000000000	-0.018602461565045	0.91850595350699	376.73031346177	0.00000000000000
25.514000000000	-0.012638873190075	0.91832958252249	376.73031346177	0.00000000000000
25.521000000000	-0.0066558394916303	0.91811363991183	376.73031346177	0.00000000000000
25.528000000000	-0.00065354682717086	0.91785773155654	376.73031346177	0.00000000000000
25.535000000000	0.0053678121427059	0.91756146175119	376.73031346177	0.00000000000000
25.542000000000	0.011408038363972	0.91722443327992	376.73031346177	0.00000000000000
25.549000000000	0.017466926299027	0.91684624749567	376.73031346177	0.00000000000000
25.556000000000	0.023544263836716	0.91642650440185	376.73031346177	0.00000000000000
25.563000000000	0.029639832202661	0.91596480273670	376.73031346177	0.00000000000000
25.570000000000	0.035753405869849	0.91546074006016	376.73031346177	0.00000000000000
25.577000000000	0.041884752469644	0.91491391284354	376.73031346177	0.00000000000000
25.584000000000	0.048033632703184	0.91432391656178	376.73031346177	0.00000000000000
25.591000000000	0.054199800253302	0.91369034578851	376.73031346177	0.00000000000000
25.598000000000	0.060383001697015	0.91301279429380	376.73031346177	0.00000000000000
25.605000000000	0.066582976418591	0.91229085514477	376.73031346177	0.00000000000000
25.612000000000	0.072799456523378	0.91152412080899	376.73031346177	0.00000000000000
25.619000000000	0.079032166752324	0.91071218326068	376.73031346177	0.00000000000000
25.626000000000	0.085280824397389	0.90985463408989	376.73031346177	0.00000000000000
25.633000000000	0.091545139217845	0.90895106461446	376.73031346177	0.00000000000000
25.640000000000	0.097824813357541	0.90800106599500	376.73031346177	0.00000000000000
25.647000000000	0.10411954126327	0.90700422935275	376.73031346177	0.00000000000000
25.654000000000	0.11042900960424	0.90596014589043	376.73031346177	0.00000000000000
25.661000000000	0.11675289719278	0.90486840701608	376.73031346177	0.00000000000000
25.668000000000	0.12309087490636	0.90372860446991	376.73031346177	0.00000000000000
25.675000000000	0.12944260561098	0.90254033045414	376.73031346177	0.00000000000000
25.682000000000	0.13580774408607	0.90130317776588	376.73031346177	0.00000000000000
25.689000000000	0.14218593695089	0.90001673993311	376.73031346177	0.00000000000000
25.696000000000	0.14857682259269	0.89868061135363	376.73031346177	0.00000000000000
25.703000000000	0.15498003109646	0.89729438743711	376.73031346177	0.00000000000000
25.710000000000	0.16139518417669	0.89585766475024	376.73031346177	0.00000000000000
25.717000000000	0.16782189511097	0.89437004116492	376.73031346177	0.00000000000000
25.724000000000	0.17425976867558	0.89283111600950	376.73031346177	0.00000000000000
25.731000000000	0.18070840108336	0.89124049022315	376.73031346177	0.00000000000000
25.738000000000	0.18716737992363	0.88959776651323	376.73031346177	0.00000000000000
25.745000000000	0.19363628410459	0.88790254951582	376.73031346177	0.00000000000000
25.752000000000	0.20011468379807	0.88615444595915	376.73031346177	0.00000000000000
25.759000000000	0.20660214038685	0.88435306483025	376.73031346177	0.00000000000000
25.766000000000	0.21309820641460	0.88249801754443	376.73031346177	0.00000000000000
25.773000000000	0.21960242553863	0.88058891811797	376.73031346177	0.00000000000000
25.780000000000	0.22611433248542	0.87862538334360	376.73031346177	0.00000000000000
25.787000000000	0.23263345300920	0.87660703296907	376.73031346177	0.00000000000000
25.794000000000	0.23915930385355	0.87453348987861	376.73031346177	0.00000000000000
25.801000000000	0.24569139271623	0.87240438027727	376.73031346177	0.00000000000000
25.808000000000	0.25222921821727	0.87021933387814	376.73031346177	0.00000000000000
25.815000000000	0.25877226987055	0.86797798409240	376.73031346177	0.00000000000000
25.822000000000	0.26532002805886	0.86567996822214	376.73031346177	0.00000000000000
25.829000000000	0.27187196401258	0.86332492765595	376.73031346177	0.00000000000000
25.836000000000	0.27842753979222	0.86091250806713	376.73031346177	0.00000000000000
25.843000000000	0.28498620827471	0.85844235961462	376.73031346177	0.00000000000000
25.850000000000	0.29154741314382	0.85591413714642	376.73031346177	0.00000000000000
25.857000000000	0.29811058888456	0.85332750040557	376.73031346177	0.00000000000000
25.864000000000	0.30467516078188	0.85068211423858	376.73031346177	0.00000000000000
25.871000000000	0.31124054492374	0.84797764880624	376.73031346177	0.00000000000000
25.878000000000	0.31780614820850	0.84521377979666	376.73031346177	0.00000000000000
25.885000000000	0.32437136835708	0.84239018864063	376.73031346177	0.00000000000000
25.892000000000	0.33093559392962	0.83950656272908	376.73031346177	0.00000000000000
25.899000000000	0.33749820434704	0.83656259563257	376.73031346177	0.00000000000000
25.906000000000	0.34405856991755	0.83355798732273	376.73031346177	0.00000000000000
25.913000000000	0.35061605186805	0.83049244439565	376.73031346177	0.00000000000000
25.920000000000	0.35717000238081	0.82736568029690	376.73031346177	0.00000000000000
25.927000000000	0.36371976463535	0.82417741554829	376.73031346177	0.00000000000000
25.934000000000	0.37026467285560	0.82092737797613	376.73031346177	0.00000000000000
25.941000000000	0.37680405236268	0.81761530294095	376.73031346177	0.00000000000000
25.948000000000	0.38333721963305	0.81424093356850	376.73031346177	0.00000000000000
25.955000000000	0.38986348236257	0.81080402098189	376.73031346177	0.00000000000000
25.962000000000	0.39638213953609	0.80730432453487	376.73031346177	0.00000000000000
25.969000000000	0.40289248150306	0.80374161204592	376.73031346177	0.00000000000000
25.976000000000	0.40939379005912	0.80011566003320	376.73031346177	0.00000000000000
25.983000000000	0.41588533853359	0.79642625395004	376.73031346177	0.00000000000000
25.990000000000	0.42236639188332	0.79267318842100	376.73031346177	0.00000000000000
25.997000000000	0.42883620679261	0.78885626747816	376.73031346177	0.00000000000000
26.000000000000	0.43160535833106	0.78720085012058	376.73031346177	0.00000000000000
26.004000000000	0.43529403177951	0.78497530479765	376.73031346177	0.00000000000000
26.011000000000	0.44173910730857	0.78103012393611	376.73031346177	0.00000000000000
26.018000000000	0.44817066590991	0.77702055856708	376.73031346177	0.00000000000000
26.025000000000	0.45458793230505	0.77294645271691	376.73031346177	0.00000000000000
26.032000000000	0.46099012353914	0.76880766100027	376.73031346177	0.00000000000000
26.039000000000	0.46737644912002	0.76460404885492	376.73031346177	0.00000000000000
26.046000000000	0.47374611116393	0.76033549277553	376.73031346177	0.00000000000000
26.053000000000	0.48009830454805	0.75600188054657	376.73031346177	0.00000000000000
26.060000000000	0.48643221706981	0.75160311147374	376.73031346177	0.00000000000000
26.067000000000	0.49274702961319	0.74713909661409	376.73031346177	0.00000000000000
26.074000000000	0.49904191632180	0.74260975900439	376.73031346177	0.00000000000000
26.081000000000	0.50531604477900	0.73801503388759	376.73031346177	0.00000000000000
26.088000000000	0.51156857619497	0.73335486893728	376.73031346177	0.00000000000000
26.095000000000	0.51779866560071	0.72862922447979	376.73031346177	0.00000000000000
26.102000000000	0.52400546204916	0.72383807371375	376.73031346177	0.00000000000000
26.109000000000	0.53018810882317	0.71898140292700	376.73031346177	0.00000000000000
26.116000000000	0.53634574365065	0.71405921171042	376.73031346177	0.00000000000000
26.123000000000	0.54247749892656	0.70907151316869	376.73031346177	0.00000000000000
26.130000000000	0.54858250194197	0.70401833412755	376.73031346177	0.00000000000000
26.137000000000	0.55465987512008	0.69889971533752	376.73031346177	0.00000000000000
26.144000000000	0.56070873625913	0.69371571167357	376.73031346177	0.00000000000000
26.151000000000	0.56672819878222	0.68846639233092	376.73031346177	0.00000000000000
26.158000000000	0.57271737199397	0.68315184101630	376.73031346177	0.00000000000000
26.165000000000	0.57867536134402	0.67777215613472	376.73031346177	0.00000000000000
26.172000000000	0.58460126869715	0.67232745097146	376.73031346177	0.00000000000000
26.179000000000	0.59049419261018	0.66681785386891	376.73031346177	0.00000000000000
26.186000000000	0.59635322861536	0.66124350839821	376.73031346177	0.00000000000000
26.193000000000	0.60217746951029	0.65560457352532	376.73031346177	0.00000000000000
26.200000000000	0.60796600565425	0.64990122377136	376.73031346177	0.00000000000000
26.207000000000	0.61371792527076	0.64413364936691	376.73031346177	0.00000000000000
26.214000000000	0.61943231475640	0.63830205640007	376.73031346177	0.00000000000000
26.221000000000	0.62510825899559	0.63240666695813	376.73031346177	0.00000000000000
26.228000000000	0.63074484168138	0.62644771926243	376.73031346177	0.00000000000000
26.235000000000	0.63634114564194	0.62042546779633	376.73031346177	0.00000000000000
26.242000000000	0.64189625317275	0.61434018342605	376.73031346177	0.00000000000000
26.249000000000	0.64740924637418	0.60819215351406	376.73031346177	0.00000000000000
26.256000000000	0.65287920749446	0.60198168202490	376.73031346177	0.00000000000000
26.263000000000	0.65830521927771	0.59570908962313	376.73031346177	0.00000000000000
26.270000000000	0.66368636531691	0.58937471376327	376.73031346177	0.00000000000000
26.277000000000	0.66902173041163	0.58297890877147	376.73031346177	0.00000000000000
26.284000000000	0.67431040093035	0.57652204591868	376.73031346177	0.00000000000000
26.291000000000	0.67955146517694	0.57000451348518	376.73031346177	0.00000000000000
26.298000000000	0.68474401376145	0.56342671681627	376.73031346177	0.00000000000000
26.305000000000	0.68988713997459	0.55678907836882	376.73031346177	0.00000000000000
26.312000000000	0.69497994016597	0.55009203774867	376.73031346177	0.00000000000000
26.319000000000	0.70002151412562	0.54333605173856	376.73031346177	0.00000000000000
26.326000000000	0.70501096546872	0.53652159431647	376.73031346177	0.00000000000000
26.333000000000	0.70994740202314	0.52964915666419	376.73031346177	0.00000000000000
26.340000000000	0.71482993621960	0.52271924716604	376.73031346177	0.00000000000000
26.347000000000	0.71965768548407	0.51573239139745	376.73031346177	0.00000000000000
26.354000000000	0.72442977263235	0.50868913210337	376.73031346177	0.00000000000000
26.361000000000	0.72914532626618	0.50159002916638	376.73031346177	0.00000000000000
26.368000000000	0.73380348117089	0.49443565956428	376.73031346177	0.00000000000000
26.375000000000	0.73840337871421	0.48722661731712	376.73031346177	0.00000000000000
26.382000000000	0.74294416724577	0.47996351342366	376.73031346177	0.00000000000000
26.389000000000	0.74742500249717	0.47264697578686	376.73031346177	0.00000000000000
26.396000000000	0.75184504798216	0.46527764912876	376.73031346177	0.00000000000000
26.403000000000	0.75620347539670	0.45785619489421	376.73031346177	0.00000000000000
26.410000000000	0.76049946501846	0.45038329114379	376.73031346177	0.00000000000000
26.417000000000	0.76473220610551	0.44285963243562	376.73031346177	0.00000000000000
26.424000000000	0.76890089729381	0.43528592969606	376.73031346177	0.00000000000000
26.431000000000	0.77300474699311	0.42766291007939	376.73031346177	0.00000000000000
26.438000000000	0.77704297378105	0.41999131681633	376.73031346177	0.00000000000000
26.445000000000	0.78101480679492	0.41227190905143	376.73031346177	0.00000000000000
26.452000000000	0.78491948612090	0.40450546166935	376.73031346177	0.00000000000000
26.459000000000	0.78875626318021	0.39669276511011	376.73031346177	0.00000000000000
26.466000000000	0.79252440111210	0.38883462517321	376.73031346177	0.00000000000000
26.473000000000	0.79622317515301	0.38093186281074	376.73031346177	0.00000000000000
26.480000000000	0.79985187301174	0.37298531390962	376.73031346177	0.00000000000000
26.487000000000	0.80340979524020	0.36499582906287	376.73031346177	0.00000000000000
26.494000000000	0.80689625559940	0.35696427333013	376.73031346177	0.00000000000000
26.500000000000	0.80982726210892	0.35004726383841	376.73031346177	0.00000000000000
26.501000000000	0.81031058142022	0.34889152598753	376.73031346177	0.00000000000000
26.508000000000	0.81365211395879	0.34077848026686	376.73031346177	0.00000000000000
26.515000000000	0.81692020874591	0.33262604308440	376.73031346177	0.00000000000000
26.522000000000	0.82011423593034	0.32443513475936	376.73031346177	0.00000000000000
26.529000000000	0.82323358061538	0.31620668872220	376.73031346177	0.00000000000000
26.536000000000	0.82627764318867	0.30794165121289	376.73031346177	0.00000000000000
26.543000000000	0.82924583964464	0.29964098096935	376.73031346177	0.00000000000000
26.550000000000	0.83213760189928	0.29130564890631	376.73031346177	0.00000000000000
26.557000000000	0.83495237809706	0.28293663778462	376.73031346177	0.00000000000000
26.564000000000	0.83768963290942	0.27453494187145	376.73031346177	0.00000000000000
26.571000000000	0.84034884782475	0.26610156659140	376.73031346177	0.00000000000000
26.578000000000	0.84292952142926	0.25763752816888	376.73031346177	0.00000000000000
26.585000000000	0.84543116967867	0.24914385326203	376.73031346177	0.00000000000000
26.592000000000	0.84785332616020	0.24062157858828	376.73031346177	0.00000000000000
26.599000000000	0.85019554234474	0.23207175054203	376.73031346177	0.00000000000000
26.606000000000	0.85245738782866	0.22349542480465	376.73031346177	0.00000000000000
26.613000000000	0.85463845056519	0.21489366594697	376.73031346177	0.00000000000000
26.620000000000	0.85673833708490	0.20626754702485	376.73031346177	0.00000000000000
26.627000000000	0.85875667270506	0.19761814916786	376.73031346177	0.00000000000000
26.634000000000	0.86069310172765	0.18894656116160	376.73031346177	0.00000000000000
26.641000000000	0.86254728762556	0.18025387902388	376.73031346177	0.00000000000000
26.648000000000	0.86431891321692	0.17154120557523	376.73031346177	0.00000000000000
26.655000000000	0.86600768082712	0.16280965000398	376.73031346177	0.00000000000000
26.662000000000	0.86761331243829	0.15406032742635	376.73031346177	0.00000000000000
26.669000000000	0.86913554982605	0.14529435844198	376.73031346177	0.00000000000000
26.676000000000	0.87057415468310	0.13651286868521	376.73031346177	0.00000000000000
26.683000000000	0.87192890872956	0.12771698837253	376.73031346177	0.00000000000000
26.690000000000	0.87319961380958	0.11890785184680	376.73031346177	0.00000000000000
26.697000000000	0.87438609197419	0.11008659711841	376.73031346177	0.00000000000000
26.704000000000	0.87548818554985	0.10125436540403	376.73031346177	0.00000000000000
26.711000000000	0.87650575719254	0.092412300663415	376.73031346177	0.00000000000000
26.718000000000	0.87743868992713	0.083561549134698	376.73031346177	0.00000000000000
26.725000000000	0.87828688717154	0.074703258868759	376.73031346177	0.00000000000000
26.732000000000	0.87905027274549	0.065838579263190	376.73031346177	0.00000000000000
26.739000000000	0.87972879086341	0.056968660596524	376.73031346177	0.00000000000000
26.746000000000	0.88032240611114	0.048094653563285	376.73031346177	0.00000000000000
26.753000000000	0.88083110340588	0.039217708810589	376.73031346177	0.00000000000000
26.760000000000	0.88125488793911	0.030338976477117	376.73031346177	0.00000000000000
26.767000000000	0.88159378510175	0.021459605735163	376.73031346177	0.00000000000000
26.774000000000	0.88184784039111	0.012580744336854	376.73031346177	0.00000000000000
26.781000000000	0.88201711929890	0.0037035381654275	376.73031346177	0.00000000000000
26.788000000000	0.88210170717963	-0.0051708692070820	376.73031346177	0.00000000000000
26.795000000000	0.88210170909856	-0.014041336954492	376.73031346177	0.00000000000000
26.802000000000	0.88201724965831	-0.022906727421827	376.73031346177	0.00000000000000
26.809000000000	0.88184847280315	-0.031765906539455	376.73031346177	0.00000000000000
26.816000000000	0.88159554159973	-0.040617744223918	376.73031346177	0.00000000000000
26.823000000000	0.88125863799333	-0.049461114762753	376.73031346177	0.00000000000000
26.830000000000	0.88083796253794	-0.058294897180195	376.73031346177	0.00000000000000
26.837000000000	0.88033373409900	-0.067117975579973	376.73031346177	0.00000000000000
26.844000000000	0.87974618952734	-0.075929239460661	376.73031346177	0.00000000000000
26.851000000000	0.87907558330262	-0.084727583997979	376.73031346177	0.00000000000000
26.858000000000	0.87832218714510	-0.093511910287229	376.73031346177	0.00000000000000
26.865000000000	0.87748628959440	-0.10228112553758	376.73031346177	0.00000000000000
26.872000000000	0.87656819555445	-0.11103414320794	376.73031346177	0.00000000000000
26.879000000000	0.87556822580456	-0.11976988307190	376.73031346177	0.00000000000000
26.886000000000	0.87448671647770	-0.12848727119619	376.73031346177	0.00000000000000
26.893000000000	0.87332401850873	-0.13718523981387	376.73031346177	0.00000000000000
26.900000000000	0.87208049705826	-0.14586272706891	376.73031346177	0.00000000000000
26.907000000000	0.87075653092176	-0.15451867660388	376.73031346177	0.00000000000000
26.914000000000	0.86935251193950	-0.16315203695657	376.73031346177	0.00000000000000
26.921000000000	0.86786884443162	-0.17176176072423	376.73031346177	0.00000000000000
26.928000000000	0.86630594469495	-0.18034680344694	376.73031346177	0.00000000000000
26.935000000000	0.86466424061567	-0.18890612215369	376.73031346177	0.00000000000000
26.942000000000	0.86294417147645	-0.19743867350800	376.73031346177	0.00000000000000
26.949000000000	0.86114618807049	-0.20594341148560	376.73031346177	0.00000000000000
26.956000000000	0.85927075328084	-0.21441928451853	376.73031346177	0.00000000000000
26.963000000000	0.85731834334447	-0.22286523205291	376.73031346177	0.00000000000000
26.970000000000	0.85528945009930	-0.23128018050028	376.73031346177	0.00000000000000
26.977000000000	0.85318458461042	-0.23966303862807	376.73031346177	0.00000000000000
26.984000000000	0.85100428268467	-0.24801269255225	376.73031346177	0.00000000000000
26.991000000000	0.84874911289986	-0.25632800069097	376.73031346177	0.00000000000000
26.998000000000	0.84641968786626	-0.26460778934457	376.73031346177	0.00000000000000
27.000000000000	0.84574059137661	-0.26696675101889	376.73031346177	0.00000000000000
27.005000000000	0.84401667944919	-0.27285085001966	376.73031346177	0.00000000000000
27.012000000000	0.84154083851330	-0.28105594023424	376.73031346177	0.00000000000000
27.019000000000	0.83899301925093	-0.28922179030625	376.73031346177	0.00000000000000
27.026000000000	0.83637420712497	-0.29734711942312	376.73031346177	0.00000000000000
27.033000000000	0.83368554767685	-0.30543066482173	376.73031346177	0.00000000000000
27.040000000000	0.83092837082478	-0.31347122763288	376.73031346177	0.00000000000000
27.047000000000	0.82810420206053	-0.32146773705299	376.73031346177	0.00000000000000
27.054000000000	0.82521474909470	-0.32941933013596	376.73031346177	0.00000000000000
27.061000000000	0.82226185188844	-0.33732543731763	376.73031346177	0.00000000000000
27.068000000000	0.81924738820055	-0.34518585497095	376.73031346177	0.00000000000000
27.075000000000	0.81617313768275	-0.35300077939464	376.73031346177	0.00000000000000
27.082000000000	0.81304062410206	-0.36077077716081	376.73031346177	0.00000000000000
27.089000000000	0.80985097150775	-0.36849667927243	376.73031346177	0.00000000000000
27.096000000000	0.80660481649076	-0.37617941014320	376.73031346177	0.00000000000000
27.103000000000	0.80330230763336	-0.38381978786692	376.73031346177	0.00000000000000
27.110000000000	0.79994319649851	-0.39141834598283	376.73031346177	0.00000000000000
27.117000000000	0.79652699428225	-0.39897522018345	376.73031346177	0.00000000000000
27.124000000000	0.79305314977830	-0.40649011939653	376.73031346177	0.00000000000000
27.131000000000	0.78952120522180	-0.41396237252062	376.73031346177	0.00000000000000
27.138000000000	0.78593090278115	-0.42139102313721	376.73031346177	0.00000000000000
27.145000000000	0.78228223510206	-0.42877494014880	376.73031346177	0.00000000000000
27.152000000000	0.77857544894051	-0.43611291928343	376.73031346177	0.00000000000000
27.159000000000	0.77481101793082	-0.44340376183934	376.73031346177	0.00000000000000
27.166000000000	0.77098960035328	-0.45064632722632	376.73031346177	0.00000000000000
27.173000000000	0.76711199381056	-0.45783956228629	376.73031346177	0.00000000000000
27.180000000000	0.76317909396436	-0.46498251309721	376.73031346177	0.00000000000000
27.187000000000	0.75919186056690	-0.47207432517834	376.73031346177	0.00000000000000
27.194000000000	0.75515129143742	-0.47911423699183	376.73031346177	0.00000000000000
27.201000000000	0.75105840363866	-0.48610157026396	376.73031346177	0.00000000000000
27.208000000000	0.74691422054351	-0.49303571939848	376.73031346177	0.00000000000000
27.215000000000	0.74271976340239	-0.49991614129539	376.73031346177	0.00000000000000
27.222000000000	0.73847604617848	-0.50674234623083	376.73031346177	0.00000000000000
27.229000000000	0.73418407265623	-0.51351389004231	376.73031346177	0.00000000000000
27.236000000000	0.72984483506929	-0.52023036762728	376.73031346177	0.00000000000000
27.243000000000	0.72545931370081	-0.52689140764328	376.73031346177	0.00000000000000
27.250000000000	0.72102847707331	-0.53349666824794	376.73031346177	0.00000000000000
27.257000000000	0.71655328246836	-0.54004583370758	376.73031346177	0.00000000000000
27.264000000000	0.71203467660493	-0.54653861171405	376.73031346177	0.00000000000000
27.271000000000	0.70747359636770	-0.55297473126879	376.73031346177	0.00000000000000
27.278000000000	0.70287096951918	-0.55935394101605	376.73031346177	0.00000000000000
27.285000000000	0.69822771535797	-0.56567600792785	376.73031346177	0.00000000000000
27.292000000000	0.69354474530401	-0.57194071626257	376.73031346177	0.00000000000000
27.299000000000	0.68882296340348	-0.57814786673517	376.73031346177	0.00000000000000
27.306000000000	0.68406326675332	-0.58429727585005	376.73031346177	0.00000000000000
27.313000000000	0.67926654584939	-0.59038877535837	376.73031346177	0.00000000000000
27.320000000000	0.67443368486464	-0.59642221181009	376.73031346177	0.00000000000000
27.327000000000	0.66956556186451	-0.60239744617779	376.73031346177	0.00000000000000
27.334000000000	0.66466304896708	-0.60831435353445	376.73031346177	0.00000000000000
27.341000000000	0.65972701245522	-0.61417282277145	376.73031346177	0.00000000000000
27.348000000000	0.65475831284752	-0.61997275634645	376.73031346177	0.00000000000000
27.355000000000	0.64975780493400	-0.62571407005291	376.73031346177	0.00000000000000
27.362000000000	0.64472633778222	-0.63139669280527	376.73031346177	0.00000000000000
27.369000000000	0.63966475471858	-0.63702056643505	376.73031346177	0.00000000000000
27.376000000000	0.63457389328901	-0.64258564549427	376.73031346177	0.00000000000000
27.383000000000	0.62945458520276	-0.64809189706367	376.73031346177	0.00000000000000
27.390000000000	0.62430765626249	-0.65353930056359	376.73031346177	0.00000000000000
27.397000000000	0.61913392628343	-0.65892784756614	376.73031346177	0.00000000000000
27.404000000000	0.61393420900386	-0.66425754160759	376.73031346177	0.00000000000000
27.411000000000	0.60870931198916	-0.66952839800010	376.73031346177	0.00000000000000
27.418000000000	0.60346003653089	-0.67474044364246	376.73031346177	0.00000000000000
27.425000000000	0.59818717754264	-0.67989371682934	376.73031346177	0.00000000000000
27.432000000000	0.59289152345379	-0.68498826705883	376.73031346177	0.00000000000000
27.439000000000	0.58757385610229	-0.69002415483839	376.73031346177	0.00000000000000
27.446000000000	0.58223495062740	-0.69500145148887	376.73031346177	0.00000000000000
27.453000000000	0.57687557536310	-0.69992023894690	376.73031346177	0.00000000000000
27.460000000000	0.57149649173304	-0.70478060956559	376.73031346177	0.00000000000000
27.467000000000	0.56609845414732	-0.70958266591374	376.73031346177	0.00000000000000
27.474000000000	0.56068220990180	-0.71432652057360	376.73031346177	0.00000000000000
27.481000000000	0.55524849908022	-0.71901229593745	376.73031346177	0.00000000000000
27.488000000000	0.54979805445952	-0.72364012400307	376.73031346177	0.00000000000000
27.495000000000	0.54433160141861	-0.72821014616835	376.73031346177	0.00000000000000
27.502000000000	0.53884985785086	-0.73272251302511	376.73031346177	0.00000000000000
27.509000000000	0.53335353408039	-0.73717738415247	376.73031346177	0.00000000000000
27.516000000000	0.52784333278254	-0.74157492790973	376.73031346177	0.00000000000000
27.523000000000	0.52231994890828	-0.74591532122917	376.73031346177	0.00000000000000
27.530000000000	0.51678406961309	-0.75019874940872	376.73031346177	0.00000000000000
27.537000000000	0.51123637418993	-0.75442540590481	376.73031346177	0.00000000000000
27.544000000000	0.50567753400670	-0.75859549212551	376.73031346177	0.00000000000000
27.551000000000	0.50010821244802	-0.76270921722409	376.73031346177	0.00000000000000
27.558000000000	0.49452906486141	-0.76676679789322	376.73031346177	0.00000000000000
27.565000000000	0.48894073850783	-0.77076845815983	376.73031346177	0.00000000000000
27.572000000000	0.48334387251659	-0.77471442918094	376.73031346177	0.00000000000000
27.579000000000	0.47773909784463	-0.77860494904037	376.73031346177	0.00000000000000
27.586000000000	0.47212703724003	-0.78244026254674	376.73031346177	0.00000000000000
27.593000000000	0.46650830520984	-0.78622062103255	376.73031346177	0.00000000000000
27.600000000000	0.46088350799209	-0.78994628215471	376.73031346177	0.00000000000000
27.607000000000	0.45525324353188	-0.79361750969653	376.73031346177	0.00000000000000
27.614000000000	0.44961810146166	-0.79723457337128	376.73031346177	0.00000000000000
27.621000000000	0.44397866308540	-0.80079774862739	376.73031346177	0.00000000000000
27.628000000000	0.43833550136676	-0.80430731645541	376.73031346177	0.00000000000000
27.635000000000	0.43268918092111	-0.80776356319685	376.73031346177	0.00000000000000
27.642000000000	0.42704025801131	-0.81116678035491	376.73031346177	0.00000000000000
27.649000000000	0.42138928054715	-0.81451726440723	376.73031346177	0.00000000000000
27.656000000000	0.41573678808843	-0.81781531662066	376.73031346177	0.00000000000000
27.663000000000	0.41008331185158	-0.82106124286828	376.73031346177	0.00000000000000
27.670000000000	0.40442937471965	-0.82425535344850	376.73031346177	0.00000000000000
27.677000000000	0.39877549125566	-0.82739796290647	376.73031346177	0.00000000000000
27.684000000000	0.39312216771921	-0.83048938985784	376.73031346177	0.00000000000000
27.691000000000	0.38746990208623	-0.83352995681483	376.73031346177	0.00000000000000
27.698000000000	0.38181918407178	-0.83651999001472	376.73031346177	0.00000000000000
27.705000000000	0.37617049515585	-0.83945981925080	376.73031346177	0.00000000000000
27.712000000000	0.37052430861201	-0.84234977770581	376.73031346177	0.00000000000000
27.719000000000	0.36488108953884	-0.84519020178789	376.73031346177	0.00000000000000
27.726000000000	0.35924129489405	-0.84798143096912	376.73031346177	0.00000000000000
27.733000000000	0.35360537353126	-0.85072380762660	376.73031346177	0.00000000000000
27.740000000000	0.34797376623915	-0.85341767688614	376.73031346177	0.00000000000000
27.747000000000	0.34234690578316	-0.85606338646863	376.73031346177	0.00000000000000
27.754000000000	0.33672521694945	-0.85866128653899	376.73031346177	0.00000000000000
27.761000000000	0.33110911659113	-0.86121172955785	376.73031346177	0.00000000000000
27.768000000000	0.32549901367653	-0.86371507013582	376.73031346177	0.00000000000000
27.775000000000	0.31989530933972	-0.86617166489057	376.73031346177	0.00000000000000
27.782000000000	0.31429839693280	-0.86858187230646	376.73031346177	0.00000000000000
27.789000000000	0.30870866208023	-0.87094605259700	376.73031346177	0.00000000000000
27.796000000000	0.30312648273486	-0.87326456756992	376.73031346177	0.00000000000000
27.803000000000	0.29755222923574	-0.87553778049499	376.73031346177	0.00000000000000
27.810000000000	0.29198626436754	-0.87776605597450	376.73031346177	0.00000000000000
27.817000000000	0.28642894342155	-0.87994975981651	376.73031346177	0.00000000000000
27.824000000000	0.28088061425812	-0.88208925891072	376.73031346177	0.00000000000000
27.831000000000	0.27534161737052	-0.88418492110704	376.73031346177	0.00000000000000
27.838000000000	0.26981228595017	-0.88623711509683	376.73031346177	0.00000000000000
27.845000000000	0.26429294595302	-0.88824621029687	376.73031346177	0.00000000000000
27.852000000000	0.25878391616721	-0.89021257673585	376.73031346177	0.00000000000000
27.859000000000	0.25328550828176	-0.89213658494361	376.73031346177	0.00000000000000
27.866000000000	0.24779802695636	-0.89401860584295	376.73031346177	0.00000000000000
27.873000000000	0.24232176989206	-0.89585901064402	376.73031346177	0.00000000000000
27.880000000000	0.23685702790290	-0.89765817074135	376.73031346177	0.00000000000000
27.887000000000	0.23140408498838	-0.89941645761341	376.73031346177	0.00000000000000
27.894000000000	0.22596321840669	-0.90113424272466	376.73031346177	0.00000000000000
27.901000000000	0.22053469874861	-0.90281189743024	376.73031346177	0.00000000000000
27.908000000000	0.21511879001217	-0.90444979288299	376.73031346177	0.00000000000000
27.915000000000	0.20971574967772	-0.90604829994313	376.73031346177	0.00000000000000
27.922000000000	0.20432582878376	-0.90760778909022	376.73031346177	0.00000000000000
27.929000000000	0.19894927200302	-0.90912863033759	376.73031346177	0.00000000000000
27.936000000000	0.19358631771911	-0.91061119314923	376.73031346177	0.00000000000000
27.943000000000	0.18823719810350	-0.91205584635894	376.73031346177	0.00000000000000
27.950000000000	0.18290213919279	-0.91346295809186	376.73031346177	0.00000000000000
27.957000000000	0.17758136096626	-0.91483289568830	376.73031346177	0.00000000000000
27.964000000000	0.17227507742371	-0.91616602562986	376.73031346177	0.00000000000000
27.971000000000	0.16698349666333	-0.91746271346776	376.73031346177	0.00000000000000
27.978000000000	0.16170682095983	-0.91872332375340	376.73031346177	0.00000000000000
27.985000000000	0.15644524684260	-0.91994821997112	376.73031346177	0.00000000000000
27.992000000000	0.15119896517390	-0.92113776447305	376.73031346177	0.00000000000000
27.999000000000	0.14596816122709	-0.92229231841614	376.73031346177	0.00000000000000
28.006000000000	0.14075301476476	-0.92341224170125	376.73031346177	0.00000000000000
28.013000000000	0.13555370011689	-0.92449789291429	376.73031346177	0.00000000000000
28.020000000000	0.13037038625874	-0.92554962926936	376.73031346177	0.00000000000000
28.027000000000	0.12520323688878	-0.92656780655388	376.73031346177	0.00000000000000
28.034000000000	0.12005241050625	-0.92755277907575	376.73031346177	0.00000000000000
28.041000000000	0.11491806048865	-0.92850489961227	376.73031346177	0.00000000000000
28.048000000000	0.10980033516891	-0.92942451936109	376.73031346177	0.00000000000000
28.055000000000	0.10469937791230	-0.93031198789295	376.73031346177	0.00000000000000
28.062000000000	0.099615327193050	-0.93116765310622	376.73031346177	0.00000000000000
28.069000000000	0.094548316670593	-0.93199186118325	376.73031346177	0.00000000000000
28.076000000000	0.089498475265502	-0.93278495654846	376.73031346177	0.00000000000000
28.083000000000	0.084465927235019	-0.93354728182816	376.73031346177	0.00000000000000
28.090000000000	0.079450792248151	-0.93427917781202	376.73031346177	0.00000000000000
28.097000000000	0.074453185460381	-0.93498098341620	376.73031346177	0.00000000000000
28.104000000000	0.069473217587883	-0.93565303564813	376.73031346177	0.00000000000000
28.111000000000	0.064510994981280	-0.93629566957280	376.73031346177	0.00000000000000
28.118000000000	0.059566619698918	-0.93690921828068	376.73031346177	0.00000000000000
28.125000000000	0.054640189579583	-0.93749401285709	376.73031346177	0.00000000000000
28.132000000000	0.049731798314746	-0.93805038235308	376.73031346177	0.00000000000000
28.139000000000	0.044841535520210	-0.93857865375777	376.73031346177	0.00000000000000
28.146000000000	0.039969486807204	-0.93907915197210	376.73031346177	0.00000000000000
28.153000000000	0.035115733852920	-0.93955219978393	376.73031346177	0.00000000000000
28.160000000000	0.030280354470415	-0.93999811784458	376.73031346177	0.00000000000000
28.167000000000	0.025463422677947	-0.94041722464658	376.73031346177	0.00000000000000
28.174000000000	0.020665008767645	-0.94080983650286	376.73031346177	0.00000000000000
28.181000000000	0.015885179373599	-0.94117626752701	376.73031346177	0.00000000000000
28.188000000000	0.011123997539261	-0.94151682961496	376.73031346177	0.00000000000000
28.195000000000	0.0063815227842086	-0.94183183242777	376.73031346177	0.00000000000000
28.202000000000	0.0016578111702585	-0.94212158337556	376.73031346177	0.00000000000000
28.209000000000	-0.0030470846331075	-0.94238638760266	376.73031346177	0.00000000000000
28.216000000000	-0.0077331152839950	-0.94262654797380	376.73031346177	0.00000000000000
28.223000000000	-0.012400234704033	-0.94284236506150	376.73031346177	0.00000000000000
28.230000000000	-0.017048400014994	-0.94303413713434	376.73031346177	0.00000000000000
28.237000000000	-0.021677571476129	-0.94320216014642	376.73031346177	0.00000000000000
28.244000000000	-0.026287712422210	-0.94334672772777	376.73031346177	0.00000000000000
28.251000000000	-0.030878789202256	-0.94346813117566	376.73031346177	0.00000000000000
28.258000000000	-0.035450771119001	-0.94356665944699	376.73031346177	0.00000000000000
28.265000000000	-0.040003630369077	-0.94364259915150	376.73031346177	0.00000000000000
28.272000000000	-0.044537341983890	-0.94369623454591	376.73031346177	0.00000000000000
28.279000000000	-0.049051883771261	-0.94372784752895	376.73031346177	0.00000000000000
28.286000000000	-0.053547236257749	-0.94373771763718	376.73031346177	0.00000000000000
28.293000000000	-0.058023382631746	-0.94372612204171	376.73031346177	0.00000000000000
28.300000000000	-0.062480308687259	-0.94369333554564	376.73031346177	0.00000000000000
28.307000000000	-0.066918002768445	-0.94363963058233	376.73031346177	0.00000000000000
28.314000000000	-0.071336455714877	-0.94356527721437	376.73031346177	0.00000000000000
28.321000000000	-0.075735660807521	-0.94347054313332	376.73031346177	0.00000000000000
28.328000000000	-0.080115613715453	-0.94335569366015	376.73031346177	0.00000000000000
28.335000000000	-0.084476312443314	-0.94322099174630	376.73031346177	0.00000000000000
28.342000000000	-0.088817757279466	-0.94306669797553	376.73031346177	0.00000000000000
28.349000000000	-0.093139950744901	-0.94289307056623	376.73031346177	0.00000000000000
28.356000000000	-0.097442897542844	-0.94270036537452	376.73031346177	0.00000000000000
28.363000000000	-0.10172660450911	-0.94248883589787	376.73031346177	0.00000000000000
28.370000000000	-0.10599108056315	-0.94225873327924	376.73031346177	0.00000000000000
28.377000000000	-0.11023633665981	-0.94201030631193	376.73031346177	0.00000000000000
28.384000000000	-0.11446238574185	-0.94174380144481	376.73031346177	0.00000000000000
28.391000000000	-0.11866924269311	-0.94145946278816	376.73031346177	0.00000000000000
28.398000000000	-0.12285692429241	-0.94115753212000	376.73031346177	0.00000000000000
28.405000000000	-0.12702544916816	-0.94083824889290	376.73031346177	0.00000000000000
28.412000000000	-0.13117483775366	-0.94050185024123	376.73031346177	0.00000000000000
28.419000000000	-0.13530511224308	-0.94014857098889	376.73031346177	0.00000000000000
28.426000000000	-0.13941629654811	-0.93977864365746	376.73031346177	0.00000000000000
28.433000000000	-0.14350841625540	-0.93939229847477	376.73031346177	0.00000000000000
28.440000000000	-0.14758149858450	-0.93898976338386	376.73031346177	0.00000000000000
28.447000000000	-0.15163557234666	-0.93857126405232	376.73031346177	0.00000000000000
28.454000000000	-0.15567066790416	-0.93813702388204	376.73031346177	0.00000000000000
28.461000000000	-0.15968681713037	-0.93768726401923	376.73031346177	0.00000000000000
28.468000000000	-0.16368405337045	-0.93722220336488	376.73031346177	0.00000000000000
28.475000000000	-0.16766241140272	-0.93674205858543	376.73031346177	0.00000000000000
28.482000000000	-0.17162192740062	-0.93624704412387	376.73031346177	0.00000000000000
28.489000000000	-0.17556263889541	-0.93573737221104	376.73031346177	0.00000000000000
28.496000000000	-0.17948458473937	-0.93521325287727	376.73031346177	0.00000000000000
28.503000000000	-0.18338780506978	-0.93467489396426	376.73031346177	0.00000000000000
28.510000000000	-0.18727234127339	-0.93412250113721	376.73031346177	0.00000000000000
28.517000000000	-0.19113823595156	-0.93355627789724	376.73031346177	0.00000000000000
28.524000000000	-0.19498553288605	-0.93297642559399	376.73031346177	0.00000000000000
28.531000000000	-0.19881427700534	-0.93238314343849	376.73031346177	0.00000000000000
28.538000000000	-0.20262451435156	-0.93177662851619	376.73031346177	0.00000000000000
28.545000000000	-0.20641629204809	-0.93115707580021	376.73031346177	0.00000000000000
28.552000000000	-0.21018965826760	-0.93052467816481	376.73031346177	0.00000000000000
28.559000000000	-0.21394466220082	-0.92987962639897	376.73031346177	0.00000000000000
28.566000000000	-0.21768135402576	-0.92922210922022	376.73031346177	0.00000000000000
28.573000000000	-0.22139978487755	-0.92855231328850	376.73031346177	0.00000000000000
28.580000000000	-0.22510000681884	-0.92787042322035	376.73031346177	0.00000000000000
28.587000000000	-0.22878207281072	-0.92717662160306	376.73031346177	0.00000000000000
28.594000000000	-0.23244603668422	-0.92647108900906	376.73031346177	0.00000000000000
28.601000000000	-0.23609195311230	-0.92575400401036	376.73031346177	0.00000000000000
28.608000000000	-0.23971987758239	-0.92502554319317	376.73031346177	0.00000000000000
28.615000000000	-0.24332986636950	-0.92428588117259	376.73031346177	0.00000000000000
28.622000000000	-0.24692197650975	-0.92353519060734	376.73031346177	0.00000000000000
28.629000000000	-0.25049626577449	-0.92277364221470	376.73031346177	0.00000000000000
28.636000000000	-0.25405279264490	-0.92200140478538	376.73031346177	0.00000000000000
28.643000000000	-0.25759161628704	-0.92121864519862	376.73031346177	0.00000000000000
28.650000000000	-0.26111279652748	-0.92042552843721	376.73031346177	0.00000000000000
28.657000000000	-0.26461639382931	-0.91962221760264	376.73031346177	0.00000000000000
28.664000000000	-0.26810246926870	-0.91880887393034	376.73031346177	0.00000000000000
28.671000000000	-0.27157108451190	-0.91798565680484	376.73031346177	0.00000000000000
28.678000000000	-0.27502230179271	-0.91715272377509	376.73031346177	0.00000000000000
28.685000000000	-0.27845618389037	-0.91631023056977	376.73031346177	0.00000000000000
28.692000000000	-0.28187279410795	-0.91545833111259	376.73031346177	0.00000000000000
28.699000000000	-0.28527219625117	-0.91459717753766	376.73031346177	0.00000000000000
28.706000000000	-0.28865445460761	-0.91372692020483	376.73031346177	0.00000000000000
28.713000000000	-0.29201963392643	-0.91284770771509	376.73031346177	0.00000000000000
28.720000000000	-0.29536779939840	-0.91195968692594	376.73031346177	0.00000000000000
28.727000000000	-0.29869901663649	-0.91106300296674	376.73031346177	0.00000000000000
28.734000000000	-0.30201335165671	-0.91015779925412	376.73031346177	0.00000000000000
28.741000000000	-0.30531087085952	-0.90924421750730	376.73031346177	0.00000000000000
28.748000000000	-0.30859164101147	-0.90832239776344	376.73031346177	0.00000000000000
28.755000000000	-0.31185572922737	-0.90739247839300	376.73031346177	0.00000000000000
28.762000000000	-0.31510320295275	-0.90645459611497	376.73031346177	0.00000000000000
28.769000000000	-0.31833412994676	-0.90550888601221	376.73031346177	0.00000000000000
28.776000000000	-0.32154857826541	-0.90455548154663	376.73031346177	0.00000000000000
28.783000000000	-0.32474661624516	-0.90359451457445	376.73031346177	0.00000000000000
28.790000000000	-0.32792831248693	-0.90262611536131	376.73031346177	0.00000000000000
28.797000000000	-0.33109373584043	-0.90165041259744	376.73031346177	0.00000000000000
28.804000000000	-0.33424295538878	-0.90066753341269	376.73031346177	0.00000000000000
28.811000000000	-0.33737604043361	-0.89967760339158	376.73031346177	0.00000000000000
28.818000000000	-0.34049306048036	-0.89868074658829	376.73031346177	0.00000000000000
28.825000000000	-0.34359408522398	-0.89767708554155	376.73031346177	0.00000000000000
28.832000000000	-0.34667918453497	-0.89666674128952	376.73031346177	0.00000000000000
28.839000000000	-0.34974842844568	-0.89564983338457	376.73031346177	0.00000000000000
28.846000000000	-0.35280188713698	-0.89462647990804	376.73031346177	0.00000000000000
28.853000000000	-0.35583963092521	-0.89359679748491	376.73031346177	0.00000000000000
28.860000000000	-0.35886173024947	-0.89256090129838	376.73031346177	0.00000000000000
28.867000000000	-0.36186825565914	-0.89151890510442	376.73031346177	0.00000000000000
28.874000000000	-0.36485927780176	-0.89047092124625	376.73031346177	0.00000000000000
28.881000000000	-0.36783486741117	-0.88941706066868	376.73031346177	0.00000000000000
28.888000000000	-0.37079509529593	-0.88835743293246	376.73031346177	0.00000000000000
28.895000000000	-0.37374003232805	-0.88729214622849	376.73031346177	0.00000000000000
28.902000000000	-0.37666974943195	-0.88622130739200	376.73031346177	0.00000000000000
28.909000000000	-0.37958431757368	-0.88514502191656	376.73031346177	0.00000000000000
28.916000000000	-0.38248380775050	-0.88406339396814	376.73031346177	0.00000000000000
28.923000000000	-0.38536829098057	-0.88297652639895	376.73031346177	0.00000000000000
28.930000000000	-0.38823783829303	-0.88188452076130	376.73031346177	0.00000000000000
28.937000000000	-0.39109252071827	-0.88078747732130	376.73031346177	0.00000000000000
28.944000000000	-0.39393240927839	-0.87968549507250	376.73031346177	0.00000000000000
28.951000000000	-0.39675757497803	-0.87857867174946	376.73031346177	0.00000000000000
28.958000000000	-0.39956808879533	-0.87746710384119	376.73031346177	0.00000000000000
28.965000000000	-0.40236402167314	-0.87635088660451	376.73031346177	0.00000000000000
28.972000000000	-0.40514544451050	-0.87523011407733	376.73031346177	0.00000000000000
28.979000000000	-0.40791242815429	-0.87410487909183	376.73031346177	0.00000000000000
28.986000000000	-0.41066504339116	-0.87297527328756	376.73031346177	0.00000000000000
28.993000000000	-0.41340336093957	-0.87184138712438	376.73031346177	0.00000000000000
29.000000000000	-0.41612745144219	-0.87070330989540	376.73031346177	0.00000000000000
