#Parameters = {Hsub_bottom=0.101; Hpre1_2=0.306; Sigma_copper=58000000; C=0; C_off=4.48e-14; C_on=0; H_add_decoupl=0.338; Hair=10; Hair_lower=10; Hpre1=0.204; Hsub1=0.508; Hsub_add1=0.168; Hsub_top2=0.762; L=1.3e-10; L1=0.02; L2_buf=0.29; L_add_cut=0.66; L_off=0; L_on=1.3e-10; L_stub_low=1.5; Ldiode=0.3302; Lline_low=1; Lp=1.52; Px=5; R=5.2; R_bottom_in=0.83; R_bottom_out=0.93; R_off=2.5; R_on=5.2; W_ring_inner=0.15; WcircleInner_2=0.4; Wcut=0.9; Wp=1.52; X1Stub=-1.15; angle_stub=30; delta=0.3; deltaHAdd=0.101; deltaL1=0.14; deltaR2=0.15; deltaRCircle=0.2; deltaStubY=0.1; deltaStubY_top=0.3; delta_annual_ring=0.1; delta_edge=0.1; delta_via=0.9; delta_via_screen_center=0.25; h2_fr4=0.25; h2_prepreg=0.138; hSub=1.067; hfr4=0.102; l_add=0.76; phi=0; r_area=0.2; r_area_center=0.275; r_bottom_2=1.8; r_circle=0; r_out1=0; r_par=0.1; r_par_w=0.05; r_per=0.1; r_rez=0; r_road=0.05; r_shaped=1.15; r_shaped_2=1.2; r_shaped_low=1.2; r_via=0.1; r_via_center=0.175; r_via_wall=0.15; rad_circle=0.65; rez=0; t_pog=0; th=0.018; th2=0.204; th3=0.5; th_top=0.07; theta=0; wDiode=0.3048; w_add=0.1; wstub=0.2}
#"Frequency / GHz"	"SZmax(1),Zmax(1) (2) [Re]"	"SZmax(1),Zmax(1) (2) [Im]"	"Ref.Imp. [Re]"	"Ref.Imp. [Im]"
#---------------------------------------------------------------------------------------------------------
22.000000000000	0.54104826139208	0.76852740631097	376.73031346177	0.00000000000000
22.007000000000	0.54505436199494	0.76530440097347	376.73031346177	0.00000000000000
22.014000000000	0.54905119384928	0.76205351126660	376.73031346177	0.00000000000000
22.021000000000	0.55303854272797	0.75877469453486	376.73031346177	0.00000000000000
22.028000000000	0.55701619227446	0.75546791016507	376.73031346177	0.00000000000000
22.035000000000	0.56098392402860	0.75213311962688	376.73031346177	0.00000000000000
22.042000000000	0.56494151745289	0.74877028651315	376.73031346177	0.00000000000000
22.049000000000	0.56888874995936	0.74537937658021	376.73031346177	0.00000000000000
22.056000000000	0.57282539693682	0.74196035778795	376.73031346177	0.00000000000000
22.063000000000	0.57675123177875	0.73851320033969	376.73031346177	0.00000000000000
22.070000000000	0.58066602591169	0.73503787672197	376.73031346177	0.00000000000000
22.077000000000	0.58456954882419	0.73153436174410	376.73031346177	0.00000000000000
22.084000000000	0.58846156809628	0.72800263257752	376.73031346177	0.00000000000000
22.091000000000	0.59234184942959	0.72444266879493	376.73031346177	0.00000000000000
22.098000000000	0.59621015667798	0.72085445240930	376.73031346177	0.00000000000000
22.105000000000	0.60006625187878	0.71723796791254	376.73031346177	0.00000000000000
22.112000000000	0.60390989528460	0.71359320231400	376.73031346177	0.00000000000000
22.119000000000	0.60774084539579	0.70992014517871	376.73031346177	0.00000000000000
22.126000000000	0.61155885899343	0.70621878866534	376.73031346177	0.00000000000000
22.133000000000	0.61536369117303	0.70248912756391	376.73031346177	0.00000000000000
22.140000000000	0.61915509537880	0.69873115933321	376.73031346177	0.00000000000000
22.147000000000	0.62293282343846	0.69494488413791	376.73031346177	0.00000000000000
22.154000000000	0.62669662559888	0.69113030488538	376.73031346177	0.00000000000000
22.161000000000	0.63044625056218	0.68728742726215	376.73031346177	0.00000000000000
22.168000000000	0.63418144552253	0.68341625977008	376.73031346177	0.00000000000000
22.175000000000	0.63790195620361	0.67951681376211	376.73031346177	0.00000000000000
22.182000000000	0.64160752689673	0.67558910347773	376.73031346177	0.00000000000000
22.189000000000	0.64529790049953	0.67163314607800	376.73031346177	0.00000000000000
22.196000000000	0.64897281855542	0.66764896168016	376.73031346177	0.00000000000000
22.203000000000	0.65263202129362	0.66363657339194	376.73031346177	0.00000000000000
22.210000000000	0.65627524766987	0.65959600734530	376.73031346177	0.00000000000000
22.217000000000	0.65990223540783	0.65552729272980	376.73031346177	0.00000000000000
22.224000000000	0.66351272104112	0.65143046182556	376.73031346177	0.00000000000000
22.231000000000	0.66710643995598	0.64730555003564	376.73031346177	0.00000000000000
22.238000000000	0.67068312643467	0.64315259591800	376.73031346177	0.00000000000000
22.245000000000	0.67424251369949	0.63897164121693	376.73031346177	0.00000000000000
22.252000000000	0.67778433395747	0.63476273089397	376.73031346177	0.00000000000000
22.259000000000	0.68130831844564	0.63052591315831	376.73031346177	0.00000000000000
22.266000000000	0.68481419747718	0.62626123949657	376.73031346177	0.00000000000000
22.273000000000	0.68830170048787	0.62196876470208	376.73031346177	0.00000000000000
22.280000000000	0.69177055608363	0.61764854690353	376.73031346177	0.00000000000000
22.287000000000	0.69522049208827	0.61330064759302	376.73031346177	0.00000000000000
22.294000000000	0.69865123559220	0.60892513165351	376.73031346177	0.00000000000000
22.301000000000	0.70206251300165	0.60452206738561	376.73031346177	0.00000000000000
22.308000000000	0.70545405008853	0.60009152653368	376.73031346177	0.00000000000000
22.315000000000	0.70882557204098	0.59563358431132	376.73031346177	0.00000000000000
22.322000000000	0.71217680351440	0.59114831942619	376.73031346177	0.00000000000000
22.329000000000	0.71550746868334	0.58663581410397	376.73031346177	0.00000000000000
22.336000000000	0.71881729129373	0.58209615411178	376.73031346177	0.00000000000000
22.343000000000	0.72210599471591	0.57752942878074	376.73031346177	0.00000000000000
22.350000000000	0.72537330199818	0.57293573102781	376.73031346177	0.00000000000000
22.357000000000	0.72861893592094	0.56831515737685	376.73031346177	0.00000000000000
22.364000000000	0.73184261905138	0.56366780797889	376.73031346177	0.00000000000000
22.371000000000	0.73504407379882	0.55899378663157	376.73031346177	0.00000000000000
22.378000000000	0.73822302247053	0.55429320079775	376.73031346177	0.00000000000000
22.385000000000	0.74137918732811	0.54956616162336	376.73031346177	0.00000000000000
22.392000000000	0.74451229064447	0.54481278395422	376.73031346177	0.00000000000000
22.399000000000	0.74762205476122	0.54003318635216	376.73031346177	0.00000000000000
22.406000000000	0.75070820214670	0.53522749111013	376.73031346177	0.00000000000000
22.413000000000	0.75377045545441	0.53039582426644	376.73031346177	0.00000000000000
22.420000000000	0.75680853758195	0.52553831561808	376.73031346177	0.00000000000000
22.427000000000	0.75982217173051	0.52065509873307	376.73031346177	0.00000000000000
22.434000000000	0.76281108146466	0.51574631096191	376.73031346177	0.00000000000000
22.441000000000	0.76577499077275	0.51081209344794	376.73031346177	0.00000000000000
22.448000000000	0.76871362412763	0.50585259113685	376.73031346177	0.00000000000000
22.455000000000	0.77162670654782	0.50086795278512	376.73031346177	0.00000000000000
22.462000000000	0.77451396365907	0.49585833096740	376.73031346177	0.00000000000000
22.469000000000	0.77737512175630	0.49082388208294	376.73031346177	0.00000000000000
22.476000000000	0.78020990786592	0.48576476636094	376.73031346177	0.00000000000000
22.483000000000	0.78301804980840	0.48068114786478	376.73031346177	0.00000000000000
22.490000000000	0.78579927626134	0.47557319449531	376.73031346177	0.00000000000000
22.497000000000	0.78855331682266	0.47044107799288	376.73031346177	0.00000000000000
22.504000000000	0.79127990207421	0.46528497393844	376.73031346177	0.00000000000000
22.511000000000	0.79397876364555	0.46010506175342	376.73031346177	0.00000000000000
22.518000000000	0.79664963427807	0.45490152469850	376.73031346177	0.00000000000000
22.525000000000	0.79929224788925	0.44967454987128	376.73031346177	0.00000000000000
22.532000000000	0.80190633963718	0.44442432820278	376.73031346177	0.00000000000000
22.539000000000	0.80449164598527	0.43915105445278	376.73031346177	0.00000000000000
22.546000000000	0.80704790476701	0.43385492720399	376.73031346177	0.00000000000000
22.553000000000	0.80957485525105	0.42853614885507	376.73031346177	0.00000000000000
22.560000000000	0.81207223820626	0.42319492561240	376.73031346177	0.00000000000000
22.567000000000	0.81453979596693	0.41783146748076	376.73031346177	0.00000000000000
22.574000000000	0.81697727249802	0.41244598825268	376.73031346177	0.00000000000000
22.581000000000	0.81938441346044	0.40703870549667	376.73031346177	0.00000000000000
22.588000000000	0.82176096627645	0.40160984054420	376.73031346177	0.00000000000000
22.595000000000	0.82410668019491	0.39615961847545	376.73031346177	0.00000000000000
22.602000000000	0.82642130635665	0.39068826810382	376.73031346177	0.00000000000000
22.609000000000	0.82870459785960	0.38519602195927	376.73031346177	0.00000000000000
22.616000000000	0.83095630982405	0.37968311627027	376.73031346177	0.00000000000000
22.623000000000	0.83317619945767	0.37414979094468	376.73031346177	0.00000000000000
22.630000000000	0.83536402612039	0.36859628954927	376.73031346177	0.00000000000000
22.637000000000	0.83751955138924	0.36302285928797	376.73031346177	0.00000000000000
22.644000000000	0.83964253912286	0.35742975097899	376.73031346177	0.00000000000000
22.651000000000	0.84173275552591	0.35181721903052	376.73031346177	0.00000000000000
22.658000000000	0.84378996921317	0.34618552141530	376.73031346177	0.00000000000000
22.665000000000	0.84581395127343	0.34053491964385	376.73031346177	0.00000000000000
22.672000000000	0.84780447533302	0.33486567873647	376.73031346177	0.00000000000000
22.679000000000	0.84976131761910	0.32917806719402	376.73031346177	0.00000000000000
22.686000000000	0.85168425702252	0.32347235696734	376.73031346177	0.00000000000000
22.693000000000	0.85357307516037	0.31774882342553	376.73031346177	0.00000000000000
22.700000000000	0.85542755643809	0.31200774532292	376.73031346177	0.00000000000000
22.707000000000	0.85724748811115	0.30624940476476	376.73031346177	0.00000000000000
22.714000000000	0.85903266034630	0.30047408717176	376.73031346177	0.00000000000000
22.721000000000	0.86078286628225	0.29468208124329	376.73031346177	0.00000000000000
22.728000000000	0.86249790208996	0.28887367891940	376.73031346177	0.00000000000000
22.735000000000	0.86417756703228	0.28304917534162	376.73031346177	0.00000000000000
22.742000000000	0.86582166352307	0.27720886881250	376.73031346177	0.00000000000000
22.749000000000	0.86742999718569	0.27135306075397	376.73031346177	0.00000000000000
22.756000000000	0.86900237691088	0.26548205566451	376.73031346177	0.00000000000000
22.763000000000	0.87053861491402	0.25959616107506	376.73031346177	0.00000000000000
22.770000000000	0.87203852679160	0.25369568750383	376.73031346177	0.00000000000000
22.777000000000	0.87350193157709	0.24778094840986	376.73031346177	0.00000000000000
22.784000000000	0.87492865179602	0.24185226014549	376.73031346177	0.00000000000000
22.791000000000	0.87631851352032	0.23590994190762	376.73031346177	0.00000000000000
22.798000000000	0.87767134642182	0.22995431568787	376.73031346177	0.00000000000000
22.805000000000	0.87898698382497	0.22398570622159	376.73031346177	0.00000000000000
22.812000000000	0.88026526275873	0.21800444093580	376.73031346177	0.00000000000000
22.819000000000	0.88150602400753	0.21201084989601	376.73031346177	0.00000000000000
22.826000000000	0.88270911216137	0.20600526575194	376.73031346177	0.00000000000000
22.833000000000	0.88387437566501	0.19998802368226	376.73031346177	0.00000000000000
22.840000000000	0.88500166686619	0.19395946133818	376.73031346177	0.00000000000000
22.847000000000	0.88609084206284	0.18791991878610	376.73031346177	0.00000000000000
22.854000000000	0.88714176154939	0.18186973844919	376.73031346177	0.00000000000000
22.861000000000	0.88815428966193	0.17580926504808	376.73031346177	0.00000000000000
22.868000000000	0.88912829482244	0.16973884554043	376.73031346177	0.00000000000000
22.875000000000	0.89006364958187	0.16365882905970	376.73031346177	0.00000000000000
22.882000000000	0.89096023066217	0.15756956685292	376.73031346177	0.00000000000000
22.889000000000	0.89181791899717	0.15147141221757	376.73031346177	0.00000000000000
22.896000000000	0.89263659977237	0.14536472043756	376.73031346177	0.00000000000000
22.903000000000	0.89341616246349	0.13924984871843	376.73031346177	0.00000000000000
22.910000000000	0.89415650087397	0.13312715612158	376.73031346177	0.00000000000000
22.917000000000	0.89485751317110	0.12699700349782	376.73031346177	0.00000000000000
22.924000000000	0.89551910192111	0.12085975342011	376.73031346177	0.00000000000000
22.931000000000	0.89614117412285	0.11471577011543	376.73031346177	0.00000000000000
22.938000000000	0.89672364124035	0.10856541939608	376.73031346177	0.00000000000000
22.945000000000	0.89726641923400	0.10240906859017	376.73031346177	0.00000000000000
22.952000000000	0.89776942859053	0.096247086471439	376.73031346177	0.00000000000000
22.959000000000	0.89823259435159	0.090079843188476	376.73031346177	0.00000000000000
22.966000000000	0.89865584614106	0.083907710193241	376.73031346177	0.00000000000000
22.973000000000	0.89903911819101	0.077731060169067	376.73031346177	0.00000000000000
22.980000000000	0.89938234936626	0.071550266958027	376.73031346177	0.00000000000000
22.987000000000	0.89968548318767	0.065365705487820	376.73031346177	0.00000000000000
22.994000000000	0.89994846785390	0.059177751698117	376.73031346177	0.00000000000000
23.001000000000	0.90017125626191	0.052986782466427	376.73031346177	0.00000000000000
23.008000000000	0.90035380602598	0.046793175533550	376.73031346177	0.00000000000000
23.015000000000	0.90049607949532	0.040597309428569	376.73031346177	0.00000000000000
23.022000000000	0.90059804377025	0.034399563393495	376.73031346177	0.00000000000000
23.029000000000	0.90065967071695	0.028200317307542	376.73031346177	0.00000000000000
23.036000000000	0.90068093698077	0.021999951611062	376.73031346177	0.00000000000000
23.043000000000	0.90066182399807	0.015798847229245	376.73031346177	0.00000000000000
23.050000000000	0.90060231800656	0.0095973854954856	376.73031346177	0.00000000000000
23.057000000000	0.90050241005427	0.0033959480745999	376.73031346177	0.00000000000000
23.064000000000	0.90036209600694	-0.0028050831142044	376.73031346177	0.00000000000000
23.071000000000	0.90018137655398	-0.0090053259745036	376.73031346177	0.00000000000000
23.078000000000	0.89996025721298	-0.015204398309936	376.73031346177	0.00000000000000
23.085000000000	0.89969874833262	-0.021401917901620	376.73031346177	0.00000000000000
23.092000000000	0.89939686509425	-0.027597502585581	376.73031346177	0.00000000000000
23.099000000000	0.89905462751184	-0.033790770330262	376.73031346177	0.00000000000000
23.106000000000	0.89867206043051	-0.039981339313975	376.73031346177	0.00000000000000
23.113000000000	0.89824919352356	-0.046168828002351	376.73031346177	0.00000000000000
23.120000000000	0.89778606128801	-0.052352855225716	376.73031346177	0.00000000000000
23.127000000000	0.89728270303864	-0.058533040256343	376.73031346177	0.00000000000000
23.134000000000	0.89673916290057	-0.064709002885576	376.73031346177	0.00000000000000
23.141000000000	0.89615548980032	-0.070880363500802	376.73031346177	0.00000000000000
23.148000000000	0.89553173745547	-0.077046743162178	376.73031346177	0.00000000000000
23.155000000000	0.89486796436273	-0.083207763679179	376.73031346177	0.00000000000000
23.162000000000	0.89416423378468	-0.089363047686820	376.73031346177	0.00000000000000
23.169000000000	0.89342061373494	-0.095512218721623	376.73031346177	0.00000000000000
23.176000000000	0.89263717696197	-0.10165490129721	376.73031346177	0.00000000000000
23.183000000000	0.89181400093140	-0.10779072097957	376.73031346177	0.00000000000000
23.190000000000	0.89095116780690	-0.11391930446192	376.73031346177	0.00000000000000
23.197000000000	0.89004876442969	-0.12004027963911	376.73031346177	0.00000000000000
23.204000000000	0.88910688229655	-0.12615327568159	376.73031346177	0.00000000000000
23.211000000000	0.88812561753657	-0.13225792310892	376.73031346177	0.00000000000000
23.218000000000	0.88710507088637	-0.13835385386265	376.73031346177	0.00000000000000
23.225000000000	0.88604534766404	-0.14444070137883	376.73031346177	0.00000000000000
23.232000000000	0.88494655774166	-0.15051810065976	376.73031346177	0.00000000000000
23.239000000000	0.88380881551656	-0.15658568834521	376.73031346177	0.00000000000000
23.246000000000	0.88263223988115	-0.16264310278303	376.73031346177	0.00000000000000
23.253000000000	0.88141695419151	-0.16868998409904	376.73031346177	0.00000000000000
23.260000000000	0.88016308623470	-0.17472597426625	376.73031346177	0.00000000000000
23.267000000000	0.87887076819468	-0.18075071717333	376.73031346177	0.00000000000000
23.274000000000	0.87754013661711	-0.18676385869241	376.73031346177	0.00000000000000
23.281000000000	0.87617133237285	-0.19276504674596	376.73031346177	0.00000000000000
23.288000000000	0.87476450062019	-0.19875393137305	376.73031346177	0.00000000000000
23.295000000000	0.87331979076598	-0.20473016479462	376.73031346177	0.00000000000000
23.302000000000	0.87183735642549	-0.21069340147797	376.73031346177	0.00000000000000
23.309000000000	0.87031735538118	-0.21664329820040	376.73031346177	0.00000000000000
23.316000000000	0.86875994954029	-0.22257951411191	376.73031346177	0.00000000000000
23.323000000000	0.86716530489133	-0.22850171079695	376.73031346177	0.00000000000000
23.330000000000	0.86553359145949	-0.23440955233529	376.73031346177	0.00000000000000
23.337000000000	0.86386498326094	-0.24030270536187	376.73031346177	0.00000000000000
23.344000000000	0.86215965825617	-0.24618083912573	376.73031346177	0.00000000000000
23.351000000000	0.86041779830222	-0.25204362554780	376.73031346177	0.00000000000000
23.358000000000	0.85863958910398	-0.25789073927780	376.73031346177	0.00000000000000
23.365000000000	0.85682522016445	-0.26372185775003	376.73031346177	0.00000000000000
23.372000000000	0.85497488473417	-0.26953666123806	376.73031346177	0.00000000000000
23.379000000000	0.85308877975964	-0.27533483290842	376.73031346177	0.00000000000000
23.386000000000	0.85116710583083	-0.28111605887310	376.73031346177	0.00000000000000
23.393000000000	0.84921006712794	-0.28688002824100	376.73031346177	0.00000000000000
23.400000000000	0.84721787136721	-0.29262643316821	376.73031346177	0.00000000000000
23.407000000000	0.84519072974600	-0.29835496890710	376.73031346177	0.00000000000000
23.414000000000	0.84312885688701	-0.30406533385441	376.73031346177	0.00000000000000
23.421000000000	0.84103247078180	-0.30975722959792	376.73031346177	0.00000000000000
23.428000000000	0.83890179273362	-0.31543036096214	376.73031346177	0.00000000000000
23.435000000000	0.83673704729944	-0.32108443605272	376.73031346177	0.00000000000000
23.442000000000	0.83453846223138	-0.32671916629959	376.73031346177	0.00000000000000
23.449000000000	0.83230626841751	-0.33233426649901	376.73031346177	0.00000000000000
23.456000000000	0.83004069982198	-0.33792945485424	376.73031346177	0.00000000000000
23.463000000000	0.82774199342465	-0.34350445301511	376.73031346177	0.00000000000000
23.470000000000	0.82541038916006	-0.34905898611621	376.73031346177	0.00000000000000
23.477000000000	0.82304612985600	-0.35459278281393	376.73031346177	0.00000000000000
23.484000000000	0.82064946117147	-0.36010557532220	376.73031346177	0.00000000000000
23.491000000000	0.81822063153426	-0.36559709944689	376.73031346177	0.00000000000000
23.498000000000	0.81575989207802	-0.37106709461908	376.73031346177	0.00000000000000
23.505000000000	0.81326749657902	-0.37651530392690	376.73031346177	0.00000000000000
23.512000000000	0.81074370139242	-0.38194147414620	376.73031346177	0.00000000000000
23.519000000000	0.80818876538828	-0.38734535576990	376.73031346177	0.00000000000000
23.526000000000	0.80560294988719	-0.39272670303601	376.73031346177	0.00000000000000
23.533000000000	0.80298651859567	-0.39808527395440	376.73031346177	0.00000000000000
23.540000000000	0.80033973754124	-0.40342083033232	376.73031346177	0.00000000000000
23.547000000000	0.79766287500732	-0.40873313779853	376.73031346177	0.00000000000000
23.554000000000	0.79495620146788	-0.41402196582624	376.73031346177	0.00000000000000
23.561000000000	0.79221998952196	-0.41928708775469	376.73031346177	0.00000000000000
23.568000000000	0.78945451382795	-0.42452828080949	376.73031346177	0.00000000000000
23.575000000000	0.78666005103792	-0.42974532612166	376.73031346177	0.00000000000000
23.582000000000	0.78383687973166	-0.43493800874539	376.73031346177	0.00000000000000
23.589000000000	0.78098528035080	-0.44010611767452	376.73031346177	0.00000000000000
23.596000000000	0.77810553513287	-0.44524944585775	376.73031346177	0.00000000000000
23.603000000000	0.77519792804525	-0.45036779021260	376.73031346177	0.00000000000000
23.610000000000	0.77226274471932	-0.45546095163813	376.73031346177	0.00000000000000
23.617000000000	0.76930027238445	-0.46052873502630	376.73031346177	0.00000000000000
23.624000000000	0.76631079980223	-0.46557094927223	376.73031346177	0.00000000000000
23.631000000000	0.76329461720073	-0.47058740728311	376.73031346177	0.00000000000000
23.638000000000	0.76025201620884	-0.47557792598599	376.73031346177	0.00000000000000
23.645000000000	0.75718328979083	-0.48054232633418	376.73031346177	0.00000000000000
23.652000000000	0.75408873218105	-0.48548043331264	376.73031346177	0.00000000000000
23.659000000000	0.75096863881884	-0.49039207594201	376.73031346177	0.00000000000000
23.666000000000	0.74782330628364	-0.49527708728154	376.73031346177	0.00000000000000
23.673000000000	0.74465303223036	-0.50013530443080	376.73031346177	0.00000000000000
23.680000000000	0.74145811532502	-0.50496656853024	376.73031346177	0.00000000000000
23.687000000000	0.73823885518069	-0.50977072476060	376.73031346177	0.00000000000000
23.694000000000	0.73499555229372	-0.51454762234112	376.73031346177	0.00000000000000
23.701000000000	0.73172850798031	-0.51929711452671	376.73031346177	0.00000000000000
23.708000000000	0.72843802431348	-0.52401905860394	376.73031346177	0.00000000000000
23.715000000000	0.72512440406035	-0.52871331588595	376.73031346177	0.00000000000000
23.722000000000	0.72178795061988	-0.53337975170627	376.73031346177	0.00000000000000
23.729000000000	0.71842896796101	-0.53801823541153	376.73031346177	0.00000000000000
23.736000000000	0.71504776056119	-0.54262864035320	376.73031346177	0.00000000000000
23.743000000000	0.71164463334548	-0.54721084387816	376.73031346177	0.00000000000000
23.750000000000	0.70821989162600	-0.55176472731838	376.73031346177	0.00000000000000
23.757000000000	0.70477384104198	-0.55629017597948	376.73031346177	0.00000000000000
23.764000000000	0.70130678750026	-0.56078707912830	376.73031346177	0.00000000000000
23.771000000000	0.69781903711633	-0.56525532997962	376.73031346177	0.00000000000000
23.778000000000	0.69431089615596	-0.56969482568174	376.73031346177	0.00000000000000
23.785000000000	0.69078267097732	-0.57410546730123	376.73031346177	0.00000000000000
23.792000000000	0.68723466797375	-0.57848715980670	376.73031346177	0.00000000000000
23.799000000000	0.68366719351710	-0.58283981205172	376.73031346177	0.00000000000000
23.806000000000	0.68008055390163	-0.58716333675676	376.73031346177	0.00000000000000
23.813000000000	0.67647505528861	-0.59145765049036	376.73031346177	0.00000000000000
23.820000000000	0.67285100365152	-0.59572267364932	376.73031346177	0.00000000000000
23.827000000000	0.66920870472191	-0.59995833043821	376.73031346177	0.00000000000000
23.834000000000	0.66554846393589	-0.60416454884790	376.73031346177	0.00000000000000
23.841000000000	0.66187058638130	-0.60834126063340	376.73031346177	0.00000000000000
23.848000000000	0.65817537674566	-0.61248840129090	376.73031346177	0.00000000000000
23.855000000000	0.65446313926466	-0.61660591003399	376.73031346177	0.00000000000000
23.862000000000	0.65073417767149	-0.62069372976923	376.73031346177	0.00000000000000
23.869000000000	0.64698879514680	-0.62475180707091	376.73031346177	0.00000000000000
23.876000000000	0.64322729426943	-0.62878009215518	376.73031346177	0.00000000000000
23.883000000000	0.63944997696787	-0.63277853885344	376.73031346177	0.00000000000000
23.890000000000	0.63565714447248	-0.63674710458507	376.73031346177	0.00000000000000
23.897000000000	0.63184909726839	-0.64068575032960	376.73031346177	0.00000000000000
23.904000000000	0.62802613504926	-0.64459444059808	376.73031346177	0.00000000000000
23.911000000000	0.62418855667170	-0.64847314340404	376.73031346177	0.00000000000000
23.918000000000	0.62033666011059	-0.65232183023371	376.73031346177	0.00000000000000
23.925000000000	0.61647074241504	-0.65614047601580	376.73031346177	0.00000000000000
23.932000000000	0.61259109966522	-0.65992905909058	376.73031346177	0.00000000000000
23.939000000000	0.60869802692999	-0.66368756117857	376.73031346177	0.00000000000000
23.946000000000	0.60479181822522	-0.66741596734866	376.73031346177	0.00000000000000
23.953000000000	0.60087276647304	-0.67111426598575	376.73031346177	0.00000000000000
23.960000000000	0.59694116346181	-0.67478244875789	376.73031346177	0.00000000000000
23.967000000000	0.59299729980688	-0.67842051058300	376.73031346177	0.00000000000000
23.974000000000	0.58904146491222	-0.68202844959519	376.73031346177	0.00000000000000
23.981000000000	0.58507394693282	-0.68560626711055	376.73031346177	0.00000000000000
23.988000000000	0.58109503273789	-0.68915396759269	376.73031346177	0.00000000000000
23.995000000000	0.57710500787489	-0.69267155861779	376.73031346177	0.00000000000000
24.002000000000	0.57310415653439	-0.69615905083935	376.73031346177	0.00000000000000
24.009000000000	0.56909276151567	-0.69961645795256	376.73031346177	0.00000000000000
24.016000000000	0.56507110419325	-0.70304379665842	376.73031346177	0.00000000000000
24.023000000000	0.56103946448410	-0.70644108662746	376.73031346177	0.00000000000000
24.030000000000	0.55699812081578	-0.70980835046323	376.73031346177	0.00000000000000
24.037000000000	0.55294735009531	-0.71314561366554	376.73031346177	0.00000000000000
24.044000000000	0.54888742767887	-0.71645290459338	376.73031346177	0.00000000000000
24.051000000000	0.54481862734235	-0.71973025442770	376.73031346177	0.00000000000000
24.058000000000	0.54074122125265	-0.72297769713386	376.73031346177	0.00000000000000
24.065000000000	0.53665547993978	-0.72619526942400	376.73031346177	0.00000000000000
24.072000000000	0.53256167226982	-0.72938301071912	376.73031346177	0.00000000000000
24.079000000000	0.52846006541863	-0.73254096311106	376.73031346177	0.00000000000000
24.086000000000	0.52435092484634	-0.73566917132435	376.73031346177	0.00000000000000
24.093000000000	0.52023451427271	-0.73876768267780	376.73031346177	0.00000000000000
24.100000000000	0.51611109565313	-0.74183654704616	376.73031346177	0.00000000000000
24.107000000000	0.51198092915557	-0.74487581682149	376.73031346177	0.00000000000000
24.114000000000	0.50784427313819	-0.74788554687457	376.73031346177	0.00000000000000
24.121000000000	0.50370138412776	-0.75086579451621	376.73031346177	0.00000000000000
24.128000000000	0.49955251679883	-0.75381661945844	376.73031346177	0.00000000000000
24.135000000000	0.49539792395371	-0.75673808377573	376.73031346177	0.00000000000000
24.142000000000	0.49123785650312	-0.75963025186617	376.73031346177	0.00000000000000
24.149000000000	0.48707256344768	-0.76249319041258	376.73031346177	0.00000000000000
24.156000000000	0.48290229186008	-0.76532696834370	376.73031346177	0.00000000000000
24.163000000000	0.47872728686800	-0.76813165679531	376.73031346177	0.00000000000000
24.170000000000	0.47454779163777	-0.77090732907145	376.73031346177	0.00000000000000
24.177000000000	0.47036404735878	-0.77365406060562	376.73031346177	0.00000000000000
24.184000000000	0.46617629322852	-0.77637192892206	376.73031346177	0.00000000000000
24.191000000000	0.46198476643842	-0.77906101359711	376.73031346177	0.00000000000000
24.198000000000	0.45778970216034	-0.78172139622057	376.73031346177	0.00000000000000
24.205000000000	0.45359133353376	-0.78435316035727	376.73031346177	0.00000000000000
24.212000000000	0.44938989165371	-0.78695639150860	376.73031346177	0.00000000000000
24.219000000000	0.44518560555924	-0.78953117707429	376.73031346177	0.00000000000000
24.226000000000	0.44097870222274	-0.79207760631418	376.73031346177	0.00000000000000
24.233000000000	0.43676940653980	-0.79459577031021	376.73031346177	0.00000000000000
24.240000000000	0.43255794131973	-0.79708576192853	376.73031346177	0.00000000000000
24.247000000000	0.42834452727678	-0.79954767578176	376.73031346177	0.00000000000000
24.254000000000	0.42412938302196	-0.80198160819139	376.73031346177	0.00000000000000
24.261000000000	0.41991272505548	-0.80438765715039	376.73031346177	0.00000000000000
24.268000000000	0.41569476775985	-0.80676592228598	376.73031346177	0.00000000000000
24.275000000000	0.41147572339353	-0.80911650482262	376.73031346177	0.00000000000000
24.282000000000	0.40725580208523	-0.81143950754510	376.73031346177	0.00000000000000
24.289000000000	0.40303521182878	-0.81373503476203	376.73031346177	0.00000000000000
24.296000000000	0.39881415847860	-0.81600319226932	376.73031346177	0.00000000000000
24.303000000000	0.39459284574570	-0.81824408731404	376.73031346177	0.00000000000000
24.310000000000	0.39037147519433	-0.82045782855850	376.73031346177	0.00000000000000
24.317000000000	0.38615024623906	-0.82264452604447	376.73031346177	0.00000000000000
24.324000000000	0.38192935614253	-0.82480429115775	376.73031346177	0.00000000000000
24.331000000000	0.37770900001366	-0.82693723659295	376.73031346177	0.00000000000000
24.338000000000	0.37348937080641	-0.82904347631854	376.73031346177	0.00000000000000
24.345000000000	0.36927065931907	-0.83112312554217	376.73031346177	0.00000000000000
24.352000000000	0.36505305419402	-0.83317630067623	376.73031346177	0.00000000000000
24.359000000000	0.36083674191804	-0.83520311930375	376.73031346177	0.00000000000000
24.366000000000	0.35662190682308	-0.83720370014453	376.73031346177	0.00000000000000
24.373000000000	0.35240873108746	-0.83917816302158	376.73031346177	0.00000000000000
24.380000000000	0.34819739473768	-0.84112662882788	376.73031346177	0.00000000000000
24.387000000000	0.34398807565054	-0.84304921949339	376.73031346177	0.00000000000000
24.394000000000	0.33978094955577	-0.84494605795241	376.73031346177	0.00000000000000
24.401000000000	0.33557619003915	-0.84681726811122	376.73031346177	0.00000000000000
24.408000000000	0.33137396854599	-0.84866297481605	376.73031346177	0.00000000000000
24.415000000000	0.32717445438505	-0.85048330382137	376.73031346177	0.00000000000000
24.422000000000	0.32297781473291	-0.85227838175850	376.73031346177	0.00000000000000
24.429000000000	0.31878421463870	-0.85404833610452	376.73031346177	0.00000000000000
24.436000000000	0.31459381702924	-0.85579329515157	376.73031346177	0.00000000000000
24.443000000000	0.31040678271458	-0.85751338797638	376.73031346177	0.00000000000000
24.450000000000	0.30622327039391	-0.85920874441027	376.73031346177	0.00000000000000
24.457000000000	0.30204343666182	-0.86087949500935	376.73031346177	0.00000000000000
24.464000000000	0.29786743601491	-0.86252577102519	376.73031346177	0.00000000000000
24.471000000000	0.29369542085882	-0.86414770437569	376.73031346177	0.00000000000000
24.478000000000	0.28952754151551	-0.86574542761647	376.73031346177	0.00000000000000
24.485000000000	0.28536394623092	-0.86731907391241	376.73031346177	0.00000000000000
24.492000000000	0.28120478118293	-0.86886877700972	376.73031346177	0.00000000000000
24.499000000000	0.27705019048966	-0.87039467120822	376.73031346177	0.00000000000000
24.506000000000	0.27290031621808	-0.87189689133409	376.73031346177	0.00000000000000
24.513000000000	0.26875529839285	-0.87337557271286	376.73031346177	0.00000000000000
24.520000000000	0.26461527500552	-0.87483085114282	376.73031346177	0.00000000000000
24.527000000000	0.26048038202399	-0.87626286286882	376.73031346177	0.00000000000000
24.534000000000	0.25635075340220	-0.87767174455631	376.73031346177	0.00000000000000
24.541000000000	0.25222652109017	-0.87905763326586	376.73031346177	0.00000000000000
24.548000000000	0.24810781504417	-0.88042066642794	376.73031346177	0.00000000000000
24.553440000000	0.24491089008296	-0.88146424314686	376.73031346177	0.00000000000000
24.555000000000	0.24399476323726	-0.88176098181814	376.73031346177	0.00000000000000
24.562000000000	0.23988749167000	-0.88307871753269	376.73031346177	0.00000000000000
24.569000000000	0.23578612438138	-0.88437401196434	376.73031346177	0.00000000000000
24.576000000000	0.23169078346001	-0.88564700377864	376.73031346177	0.00000000000000
24.583000000000	0.22760158905553	-0.88689783189052	376.73031346177	0.00000000000000
24.590000000000	0.22351865939017	-0.88812663544128	376.73031346177	0.00000000000000
24.597000000000	0.21944211077053	-0.88933355377589	376.73031346177	0.00000000000000
24.604000000000	0.21537205759963	-0.89051872642070	376.73031346177	0.00000000000000
24.611000000000	0.21130861238902	-0.89168229306142	376.73031346177	0.00000000000000
24.618000000000	0.20725188577116	-0.89282439352156	376.73031346177	0.00000000000000
24.625000000000	0.20320198651190	-0.89394516774112	376.73031346177	0.00000000000000
24.632000000000	0.19915902152318	-0.89504475575573	376.73031346177	0.00000000000000
24.639000000000	0.19512309587587	-0.89612329767603	376.73031346177	0.00000000000000
24.646000000000	0.19109431281274	-0.89718093366750	376.73031346177	0.00000000000000
24.653000000000	0.18707277376158	-0.89821780393060	376.73031346177	0.00000000000000
24.660000000000	0.18305857834847	-0.89923404868122	376.73031346177	0.00000000000000
24.667000000000	0.17905182441114	-0.90022980813152	376.73031346177	0.00000000000000
24.674000000000	0.17505260801251	-0.90120522247113	376.73031346177	0.00000000000000
24.681000000000	0.17106102345430	-0.90216043184860	376.73031346177	0.00000000000000
24.688000000000	0.16707716329077	-0.90309557635331	376.73031346177	0.00000000000000
24.695000000000	0.16310111834255	-0.90401079599761	376.73031346177	0.00000000000000
24.702000000000	0.15913297771058	-0.90490623069936	376.73031346177	0.00000000000000
24.709000000000	0.15517282879011	-0.90578202026478	376.73031346177	0.00000000000000
24.716000000000	0.15122075728488	-0.90663830437164	376.73031346177	0.00000000000000
24.723000000000	0.14727684722123	-0.90747522255278	376.73031346177	0.00000000000000
24.730000000000	0.14334118096243	-0.90829291417990	376.73031346177	0.00000000000000
24.737000000000	0.13941383922297	-0.90909151844780	376.73031346177	0.00000000000000
24.744000000000	0.13549490108298	-0.90987117435878	376.73031346177	0.00000000000000
24.751000000000	0.13158444400270	-0.91063202070750	376.73031346177	0.00000000000000
24.758000000000	0.12768254383696	-0.91137419606609	376.73031346177	0.00000000000000
24.765000000000	0.12378927484976	-0.91209783876955	376.73031346177	0.00000000000000
24.772000000000	0.11990470972885	-0.91280308690152	376.73031346177	0.00000000000000
24.779000000000	0.11602891960040	-0.91349007828031	376.73031346177	0.00000000000000
24.786000000000	0.11216197404365	-0.91415895044526	376.73031346177	0.00000000000000
24.793000000000	0.10830394110560	-0.91480984064342	376.73031346177	0.00000000000000
24.800000000000	0.10445488731578	-0.91544288581648	376.73031346177	0.00000000000000
24.807000000000	0.10061487770095	-0.91605822258800	376.73031346177	0.00000000000000
24.814000000000	0.096783975799876	-0.91665598725103	376.73031346177	0.00000000000000
24.821000000000	0.092962243678112	-0.91723631575586	376.73031346177	0.00000000000000
24.828000000000	0.089149741942769	-0.91779934369823	376.73031346177	0.00000000000000
24.835000000000	0.085346529757304	-0.91834520630765	376.73031346177	0.00000000000000
24.842000000000	0.081552664856291	-0.91887403843617	376.73031346177	0.00000000000000
24.849000000000	0.077768203560209	-0.91938597454730	376.73031346177	0.00000000000000
24.856000000000	0.073993200790202	-0.91988114870529	376.73031346177	0.00000000000000
24.863000000000	0.070227710082842	-0.92035969456461	376.73031346177	0.00000000000000
24.870000000000	0.066471783604859	-0.92082174535977	376.73031346177	0.00000000000000
24.877000000000	0.062725472167874	-0.92126743389535	376.73031346177	0.00000000000000
24.884000000000	0.058988825243092	-0.92169689253634	376.73031346177	0.00000000000000
24.891000000000	0.055261890975970	-0.92211025319869	376.73031346177	0.00000000000000
24.898000000000	0.051544716200866	-0.92250764734016	376.73031346177	0.00000000000000
24.905000000000	0.047837346455655	-0.92288920595139	376.73031346177	0.00000000000000
24.912000000000	0.044139825996288	-0.92325505954726	376.73031346177	0.00000000000000
24.919000000000	0.040452197811352	-0.92360533815845	376.73031346177	0.00000000000000
24.926000000000	0.036774503636548	-0.92394017132327	376.73031346177	0.00000000000000
24.933000000000	0.033106783969158	-0.92425968807975	376.73031346177	0.00000000000000
24.940000000000	0.029449078082440	-0.92456401695791	376.73031346177	0.00000000000000
24.947000000000	0.025801424039996	-0.92485328597233	376.73031346177	0.00000000000000
24.954000000000	0.022163858710074	-0.92512762261489	376.73031346177	0.00000000000000
24.961000000000	0.018536417779813	-0.92538715384782	376.73031346177	0.00000000000000
24.968000000000	0.014919135769451	-0.92563200609684	376.73031346177	0.00000000000000
24.975000000000	0.011312046046456	-0.92586230524467	376.73031346177	0.00000000000000
24.982000000000	0.0077151808395952	-0.92607817662469	376.73031346177	0.00000000000000
24.989000000000	0.0041285712529653	-0.92627974501478	376.73031346177	0.00000000000000
24.996000000000	0.00055224727991929	-0.92646713463142	376.73031346177	0.00000000000000
25.003000000000	-0.0030137621830337	-0.92664046912401	376.73031346177	0.00000000000000
25.010000000000	-0.0065694293224321	-0.92679987156935	376.73031346177	0.00000000000000
25.017000000000	-0.010114727394109	-0.92694546446635	376.73031346177	0.00000000000000
25.024000000000	-0.013649630709529	-0.92707736973093	376.73031346177	0.00000000000000
25.031000000000	-0.017174114622199	-0.92719570869113	376.73031346177	0.00000000000000
25.038000000000	-0.020688155514138	-0.92730060208241	376.73031346177	0.00000000000000
25.045000000000	-0.024191730782451	-0.92739217004311	376.73031346177	0.00000000000000
25.052000000000	-0.027684818825954	-0.92747053211013	376.73031346177	0.00000000000000
25.059000000000	-0.031167399031907	-0.92753580721477	376.73031346177	0.00000000000000
25.066000000000	-0.034639451762803	-0.92758811367882	376.73031346177	0.00000000000000
25.073000000000	-0.038100958343257	-0.92762756921070	376.73031346177	0.00000000000000
25.080000000000	-0.041551901046980	-0.92765429090187	376.73031346177	0.00000000000000
25.087000000000	-0.044992263083827	-0.92766839522341	376.73031346177	0.00000000000000
25.094000000000	-0.048422028586939	-0.92766999802274	376.73031346177	0.00000000000000
25.101000000000	-0.051841182599980	-0.92765921452050	376.73031346177	0.00000000000000
25.108000000000	-0.055249711064444	-0.92763615930759	376.73031346177	0.00000000000000
25.115000000000	-0.058647600807078	-0.92760094634243	376.73031346177	0.00000000000000
25.122000000000	-0.062034839527367	-0.92755368894832	376.73031346177	0.00000000000000
25.129000000000	-0.065411415785137	-0.92749449981092	376.73031346177	0.00000000000000
25.136000000000	-0.068777318988236	-0.92742349097600	376.73031346177	0.00000000000000
25.143000000000	-0.072132539380306	-0.92734077384721	376.73031346177	0.00000000000000
25.150000000000	-0.075477068028667	-0.92724645918411	376.73031346177	0.00000000000000
25.157000000000	-0.078810896812274	-0.92714065710022	376.73031346177	0.00000000000000
25.164000000000	-0.082134018409782	-0.92702347706133	376.73031346177	0.00000000000000
25.171000000000	-0.085446426287711	-0.92689502788386	376.73031346177	0.00000000000000
25.178000000000	-0.088748114688691	-0.92675541773342	376.73031346177	0.00000000000000
25.185000000000	-0.092039078619827	-0.92660475412346	376.73031346177	0.00000000000000
25.192000000000	-0.095319313841137	-0.92644314391406	376.73031346177	0.00000000000000
25.199000000000	-0.098588816854113	-0.92627069331082	376.73031346177	0.00000000000000
25.206000000000	-0.10184758489036	-0.92608750786398	376.73031346177	0.00000000000000
25.213000000000	-0.10509561590034	-0.92589369246751	376.73031346177	0.00000000000000
25.220000000000	-0.10833290854222	-0.92568935135843	376.73031346177	0.00000000000000
25.227000000000	-0.11155946217085	-0.92547458811622	376.73031346177	0.00000000000000
25.234000000000	-0.11477527682673	-0.92524950566232	376.73031346177	0.00000000000000
25.241000000000	-0.11798035322523	-0.92501420625977	376.73031346177	0.00000000000000
25.248000000000	-0.12117469274581	-0.92476879151294	376.73031346177	0.00000000000000
25.255000000000	-0.12435829742134	-0.92451336236740	376.73031346177	0.00000000000000
25.262000000000	-0.12753116992759	-0.92424801910983	376.73031346177	0.00000000000000
25.269000000000	-0.13069331357274	-0.92397286136814	376.73031346177	0.00000000000000
25.276000000000	-0.13384473228703	-0.92368798811155	376.73031346177	0.00000000000000
25.283000000000	-0.13698543061254	-0.92339349765091	376.73031346177	0.00000000000000
25.290000000000	-0.14011541369300	-0.92308948763902	376.73031346177	0.00000000000000
25.297000000000	-0.14323468726374	-0.92277605507107	376.73031346177	0.00000000000000
25.304000000000	-0.14634325764178	-0.92245329628520	376.73031346177	0.00000000000000
25.311000000000	-0.14944113171590	-0.92212130696309	376.73031346177	0.00000000000000
25.318000000000	-0.15252831693699	-0.92178018213070	376.73031346177	0.00000000000000
25.325000000000	-0.15560482130831	-0.92143001615909	376.73031346177	0.00000000000000
25.332000000000	-0.15867065337597	-0.92107090276523	376.73031346177	0.00000000000000
25.339000000000	-0.16172582221950	-0.92070293501305	376.73031346177	0.00000000000000
25.346000000000	-0.16477033744246	-0.92032620531441	376.73031346177	0.00000000000000
25.353000000000	-0.16780420916323	-0.91994080543028	376.73031346177	0.00000000000000
25.360000000000	-0.17082744800580	-0.91954682647187	376.73031346177	0.00000000000000
25.367000000000	-0.17384006509075	-0.91914435890199	376.73031346177	0.00000000000000
25.374000000000	-0.17684207202631	-0.91873349253628	376.73031346177	0.00000000000000
25.381000000000	-0.17983348089945	-0.91831431654472	376.73031346177	0.00000000000000
25.388000000000	-0.18281430426715	-0.91788691945305	376.73031346177	0.00000000000000
25.395000000000	-0.18578455514774	-0.91745138914432	376.73031346177	0.00000000000000
25.402000000000	-0.18874424701231	-0.91700781286055	376.73031346177	0.00000000000000
25.409000000000	-0.19169339377624	-0.91655627720431	376.73031346177	0.00000000000000
25.416000000000	-0.19463200979087	-0.91609686814054	376.73031346177	0.00000000000000
25.423000000000	-0.19756010983515	-0.91562967099829	376.73031346177	0.00000000000000
25.430000000000	-0.20047770910751	-0.91515477047260	376.73031346177	0.00000000000000
25.437000000000	-0.20338482321774	-0.91467225062639	376.73031346177	0.00000000000000
25.444000000000	-0.20628146817901	-0.91418219489239	376.73031346177	0.00000000000000
25.451000000000	-0.20916766039998	-0.91368468607522	376.73031346177	0.00000000000000
25.458000000000	-0.21204341667694	-0.91317980635340	376.73031346177	0.00000000000000
25.465000000000	-0.21490875418616	-0.91266763728148	376.73031346177	0.00000000000000
25.472000000000	-0.21776369047624	-0.91214825979220	376.73031346177	0.00000000000000
25.479000000000	-0.22060824346055	-0.91162175419870	376.73031346177	0.00000000000000
25.486000000000	-0.22344243140985	-0.91108820019675	376.73031346177	0.00000000000000
25.493000000000	-0.22626627294489	-0.91054767686711	376.73031346177	0.00000000000000
25.500000000000	-0.22907978702915	-0.91000026267777	376.73031346177	0.00000000000000
25.507000000000	-0.23188299296173	-0.90944603548644	376.73031346177	0.00000000000000
25.514000000000	-0.23467591037020	-0.90888507254286	376.73031346177	0.00000000000000
25.521000000000	-0.23745855920363	-0.90831745049136	376.73031346177	0.00000000000000
25.528000000000	-0.24023095972572	-0.90774324537327	376.73031346177	0.00000000000000
25.535000000000	-0.24299313250792	-0.90716253262950	376.73031346177	0.00000000000000
25.542000000000	-0.24574509842276	-0.90657538710308	376.73031346177	0.00000000000000
25.549000000000	-0.24848687863717	-0.90598188304179	376.73031346177	0.00000000000000
25.556000000000	-0.25121849460593	-0.90538209410073	376.73031346177	0.00000000000000
25.563000000000	-0.25393996806518	-0.90477609334503	376.73031346177	0.00000000000000
25.570000000000	-0.25665132102606	-0.90416395325254	376.73031346177	0.00000000000000
25.577000000000	-0.25935257576839	-0.90354574571652	376.73031346177	0.00000000000000
25.584000000000	-0.26204375483444	-0.90292154204837	376.73031346177	0.00000000000000
25.591000000000	-0.26472488102277	-0.90229141298047	376.73031346177	0.00000000000000
25.598000000000	-0.26739597738221	-0.90165542866890	376.73031346177	0.00000000000000
25.605000000000	-0.27005706720586	-0.90101365869631	376.73031346177	0.00000000000000
25.612000000000	-0.27270817402519	-0.90036617207472	376.73031346177	0.00000000000000
25.619000000000	-0.27534932160420	-0.89971303724844	376.73031346177	0.00000000000000
25.626000000000	-0.27798053393373	-0.89905432209690	376.73031346177	0.00000000000000
25.633000000000	-0.28060183522574	-0.89839009393758	376.73031346177	0.00000000000000
25.640000000000	-0.28321324990775	-0.89772041952894	376.73031346177	0.00000000000000
25.647000000000	-0.28581480261736	-0.89704536507334	376.73031346177	0.00000000000000
25.654000000000	-0.28840651819676	-0.89636499622002	376.73031346177	0.00000000000000
25.661000000000	-0.29098842168741	-0.89567937806807	376.73031346177	0.00000000000000
25.668000000000	-0.29356053832474	-0.89498857516939	376.73031346177	0.00000000000000
25.675000000000	-0.29612289353297	-0.89429265153176	376.73031346177	0.00000000000000
25.682000000000	-0.29867551291993	-0.89359167062177	376.73031346177	0.00000000000000
25.689000000000	-0.30121842227206	-0.89288569536793	376.73031346177	0.00000000000000
25.696000000000	-0.30375164754935	-0.89217478816367	376.73031346177	0.00000000000000
25.703000000000	-0.30627521488046	-0.89145901087038	376.73031346177	0.00000000000000
25.710000000000	-0.30878915055789	-0.89073842482053	376.73031346177	0.00000000000000
25.717000000000	-0.31129348103317	-0.89001309082066	376.73031346177	0.00000000000000
25.724000000000	-0.31378823291214	-0.88928306915454	376.73031346177	0.00000000000000
25.731000000000	-0.31627343295035	-0.88854841958622	376.73031346177	0.00000000000000
25.738000000000	-0.31874910804848	-0.88780920136312	376.73031346177	0.00000000000000
25.745000000000	-0.32121528524781	-0.88706547321913	376.73031346177	0.00000000000000
25.752000000000	-0.32367199172580	-0.88631729337777	376.73031346177	0.00000000000000
25.759000000000	-0.32611925479172	-0.88556471955522	376.73031346177	0.00000000000000
25.766000000000	-0.32855710188234	-0.88480780896351	376.73031346177	0.00000000000000
25.773000000000	-0.33098556055768	-0.88404661831360	376.73031346177	0.00000000000000
25.780000000000	-0.33340465849685	-0.88328120381852	376.73031346177	0.00000000000000
25.787000000000	-0.33581442349392	-0.88251162119650	376.73031346177	0.00000000000000
25.794000000000	-0.33821488345387	-0.88173792567408	376.73031346177	0.00000000000000
25.801000000000	-0.34060606638863	-0.88096017198927	376.73031346177	0.00000000000000
25.808000000000	-0.34298800041308	-0.88017841439464	376.73031346177	0.00000000000000
25.815000000000	-0.34536071374126	-0.87939270666050	376.73031346177	0.00000000000000
25.822000000000	-0.34772423468251	-0.87860310207801	376.73031346177	0.00000000000000
25.829000000000	-0.35007859163777	-0.87780965346228	376.73031346177	0.00000000000000
25.836000000000	-0.35242381309583	-0.87701241315555	376.73031346177	0.00000000000000
25.843000000000	-0.35475992762974	-0.87621143303028	376.73031346177	0.00000000000000
25.850000000000	-0.35708696389321	-0.87540676449230	376.73031346177	0.00000000000000
25.857000000000	-0.35940495061714	-0.87459845848392	376.73031346177	0.00000000000000
25.864000000000	-0.36171391660609	-0.87378656548703	376.73031346177	0.00000000000000
25.871000000000	-0.36401389073493	-0.87297113552624	376.73031346177	0.00000000000000
25.878000000000	-0.36630490194545	-0.87215221817200	376.73031346177	0.00000000000000
25.885000000000	-0.36858697924309	-0.87132986254367	376.73031346177	0.00000000000000
25.892000000000	-0.37086015169370	-0.87050411731263	376.73031346177	0.00000000000000
25.899000000000	-0.37312444842030	-0.86967503070542	376.73031346177	0.00000000000000
25.906000000000	-0.37537989860001	-0.86884265050675	376.73031346177	0.00000000000000
25.913000000000	-0.37762653146093	-0.86800702406265	376.73031346177	0.00000000000000
25.920000000000	-0.37986437627909	-0.86716819828351	376.73031346177	0.00000000000000
25.927000000000	-0.38209346237549	-0.86632621964718	376.73031346177	0.00000000000000
25.934000000000	-0.38431381911317	-0.86548113420198	376.73031346177	0.00000000000000
25.941000000000	-0.38652547589429	-0.86463298756981	376.73031346177	0.00000000000000
25.948000000000	-0.38872846215732	-0.86378182494915	376.73031346177	0.00000000000000
25.955000000000	-0.39092280737428	-0.86292769111814	376.73031346177	0.00000000000000
25.962000000000	-0.39310854104792	-0.86207063043755	376.73031346177	0.00000000000000
25.969000000000	-0.39528569270911	-0.86121068685386	376.73031346177	0.00000000000000
25.976000000000	-0.39745429191414	-0.86034790390224	376.73031346177	0.00000000000000
25.983000000000	-0.39961436824212	-0.85948232470954	376.73031346177	0.00000000000000
25.990000000000	-0.40176595129248	-0.85861399199728	376.73031346177	0.00000000000000
25.997000000000	-0.40390907068239	-0.85774294808468	376.73031346177	0.00000000000000
26.000000000000	-0.40482496684729	-0.85736882399377	376.73031346177	0.00000000000000
26.004000000000	-0.40604375604431	-0.85686923489153	376.73031346177	0.00000000000000
26.011000000000	-0.40817003702361	-0.85599289394125	376.73031346177	0.00000000000000
26.018000000000	-0.41028794327613	-0.85511396636378	376.73031346177	0.00000000000000
26.025000000000	-0.41239750446589	-0.85423249289849	376.73031346177	0.00000000000000
26.032000000000	-0.41449875026275	-0.85334851389718	376.73031346177	0.00000000000000
26.039000000000	-0.41659171034021	-0.85246206932692	376.73031346177	0.00000000000000
26.046000000000	-0.41867641437315	-0.85157319877299	376.73031346177	0.00000000000000
26.053000000000	-0.42075289203566	-0.85068194144173	376.73031346177	0.00000000000000
26.060000000000	-0.42282117299896	-0.84978833616346	376.73031346177	0.00000000000000
26.067000000000	-0.42488128692923	-0.84889242139529	376.73031346177	0.00000000000000
26.074000000000	-0.42693326348562	-0.84799423522400	376.73031346177	0.00000000000000
26.081000000000	-0.42897713231819	-0.84709381536885	376.73031346177	0.00000000000000
26.088000000000	-0.43101292306595	-0.84619119918444	376.73031346177	0.00000000000000
26.095000000000	-0.43304066535494	-0.84528642366346	376.73031346177	0.00000000000000
26.102000000000	-0.43506038879629	-0.84437952543951	376.73031346177	0.00000000000000
26.109000000000	-0.43707212298436	-0.84347054078989	376.73031346177	0.00000000000000
26.116000000000	-0.43907589749492	-0.84255950563834	376.73031346177	0.00000000000000
26.123000000000	-0.44107174188337	-0.84164645555781	376.73031346177	0.00000000000000
26.130000000000	-0.44305968568293	-0.84073142577315	376.73031346177	0.00000000000000
26.137000000000	-0.44503975840295	-0.83981445116387	376.73031346177	0.00000000000000
26.144000000000	-0.44701198952724	-0.83889556626685	376.73031346177	0.00000000000000
26.151000000000	-0.44897640851234	-0.83797480527897	376.73031346177	0.00000000000000
26.158000000000	-0.45093304478596	-0.83705220205984	376.73031346177	0.00000000000000
26.165000000000	-0.45288192774535	-0.83612779013443	376.73031346177	0.00000000000000
26.172000000000	-0.45482308675576	-0.83520160269571	376.73031346177	0.00000000000000
26.179000000000	-0.45675655114890	-0.83427367260725	376.73031346177	0.00000000000000
26.186000000000	-0.45868235022146	-0.83334403240588	376.73031346177	0.00000000000000
26.193000000000	-0.46060051323359	-0.83241271430424	376.73031346177	0.00000000000000
26.200000000000	-0.46251106940755	-0.83147975019334	376.73031346177	0.00000000000000
26.207000000000	-0.46441404792623	-0.83054517164517	376.73031346177	0.00000000000000
26.214000000000	-0.46630947793179	-0.82960900991516	376.73031346177	0.00000000000000
26.221000000000	-0.46819738852436	-0.82867129594479	376.73031346177	0.00000000000000
26.228000000000	-0.47007780876065	-0.82773206036399	376.73031346177	0.00000000000000
26.235000000000	-0.47195076765270	-0.82679133349373	376.73031346177	0.00000000000000
26.242000000000	-0.47381629416663	-0.82584914534840	376.73031346177	0.00000000000000
26.249000000000	-0.47567441722138	-0.82490552563830	376.73031346177	0.00000000000000
26.256000000000	-0.47752516568750	-0.82396050377205	376.73031346177	0.00000000000000
26.263000000000	-0.47936856838599	-0.82301410885901	376.73031346177	0.00000000000000
26.270000000000	-0.48120465408713	-0.82206636971169	376.73031346177	0.00000000000000
26.277000000000	-0.48303345150936	-0.82111731484805	376.73031346177	0.00000000000000
26.284000000000	-0.48485498931818	-0.82016697249393	376.73031346177	0.00000000000000
26.291000000000	-0.48666929612507	-0.81921537058531	376.73031346177	0.00000000000000
26.298000000000	-0.48847640048641	-0.81826253677070	376.73031346177	0.00000000000000
26.305000000000	-0.49027633090251	-0.81730849841333	376.73031346177	0.00000000000000
26.312000000000	-0.49206911581654	-0.81635328259348	376.73031346177	0.00000000000000
26.319000000000	-0.49385478361360	-0.81539691611072	376.73031346177	0.00000000000000
26.326000000000	-0.49563336261975	-0.81443942548610	376.73031346177	0.00000000000000
26.333000000000	-0.49740488110103	-0.81348083696439	376.73031346177	0.00000000000000
26.340000000000	-0.49916936726262	-0.81252117651620	376.73031346177	0.00000000000000
26.347000000000	-0.50092684924791	-0.81156046984019	376.73031346177	0.00000000000000
26.354000000000	-0.50267735513761	-0.81059874236515	376.73031346177	0.00000000000000
26.361000000000	-0.50442091294895	-0.80963601925215	376.73031346177	0.00000000000000
26.368000000000	-0.50615755063482	-0.80867232539656	376.73031346177	0.00000000000000
26.375000000000	-0.50788729608295	-0.80770768543014	376.73031346177	0.00000000000000
26.382000000000	-0.50961017711518	-0.80674212372305	376.73031346177	0.00000000000000
26.389000000000	-0.51132622148661	-0.80577566438583	376.73031346177	0.00000000000000
26.396000000000	-0.51303545688493	-0.80480833127141	376.73031346177	0.00000000000000
26.403000000000	-0.51473791092963	-0.80384014797700	376.73031346177	0.00000000000000
26.410000000000	-0.51643361117129	-0.80287113784600	376.73031346177	0.00000000000000
26.417000000000	-0.51812258509093	-0.80190132396992	376.73031346177	0.00000000000000
26.424000000000	-0.51980486009929	-0.80093072919016	376.73031346177	0.00000000000000
26.431000000000	-0.52148046353615	-0.79995937609986	376.73031346177	0.00000000000000
26.438000000000	-0.52314942266971	-0.79898728704564	376.73031346177	0.00000000000000
26.445000000000	-0.52481176469596	-0.79801448412937	376.73031346177	0.00000000000000
26.452000000000	-0.52646751673804	-0.79704098920984	376.73031346177	0.00000000000000
26.459000000000	-0.52811670584563	-0.79606682390440	376.73031346177	0.00000000000000
26.466000000000	-0.52975935899434	-0.79509200959063	376.73031346177	0.00000000000000
26.473000000000	-0.53139550308517	-0.79411656740786	376.73031346177	0.00000000000000
26.480000000000	-0.53302516494390	-0.79314051825869	376.73031346177	0.00000000000000
26.487000000000	-0.53464837132051	-0.79216388281050	376.73031346177	0.00000000000000
26.494000000000	-0.53626514888865	-0.79118668149686	376.73031346177	0.00000000000000
26.500000000000	-0.53764586158894	-0.79034864530724	376.73031346177	0.00000000000000
26.501000000000	-0.53787552424509	-0.79020893451888	376.73031346177	0.00000000000000
26.508000000000	-0.53947952390912	-0.78923066184653	376.73031346177	0.00000000000000
26.515000000000	-0.54107717432207	-0.78825188321990	376.73031346177	0.00000000000000
26.522000000000	-0.54266850184673	-0.78727261815039	376.73031346177	0.00000000000000
26.529000000000	-0.54425353276679	-0.78629288592181	376.73031346177	0.00000000000000
26.536000000000	-0.54583229328633	-0.78531270559143	376.73031346177	0.00000000000000
26.543000000000	-0.54740480952924	-0.78433209599097	376.73031346177	0.00000000000000
26.550000000000	-0.54897110753867	-0.78335107572746	376.73031346177	0.00000000000000
26.557000000000	-0.55053121327643	-0.78236966318406	376.73031346177	0.00000000000000
26.564000000000	-0.55208515262243	-0.78138787652071	376.73031346177	0.00000000000000
26.571000000000	-0.55363295137405	-0.78040573367483	376.73031346177	0.00000000000000
26.578000000000	-0.55517463524553	-0.77942325236172	376.73031346177	0.00000000000000
26.585000000000	-0.55671022986725	-0.77844045007497	376.73031346177	0.00000000000000
26.592000000000	-0.55823976078513	-0.77745734408674	376.73031346177	0.00000000000000
26.599000000000	-0.55976325345976	-0.77647395144782	376.73031346177	0.00000000000000
26.606000000000	-0.56128073326574	-0.77549028898763	376.73031346177	0.00000000000000
26.613000000000	-0.56279222549072	-0.77450637331404	376.73031346177	0.00000000000000
26.620000000000	-0.56429775533458	-0.77352222081297	376.73031346177	0.00000000000000
26.627000000000	-0.56579734790835	-0.77253784764788	376.73031346177	0.00000000000000
26.634000000000	-0.56729102823317	-0.77155326975899	376.73031346177	0.00000000000000
26.641000000000	-0.56877882123908	-0.77056850286231	376.73031346177	0.00000000000000
26.648000000000	-0.57026075176373	-0.76958356244847	376.73031346177	0.00000000000000
26.655000000000	-0.57173684455086	-0.76859846378119	376.73031346177	0.00000000000000
26.662000000000	-0.57320712424870	-0.76761322189557	376.73031346177	0.00000000000000
26.669000000000	-0.57467161540818	-0.76662785159600	376.73031346177	0.00000000000000
26.676000000000	-0.57613034248083	-0.76564236745378	376.73031346177	0.00000000000000
26.683000000000	-0.57758332981654	-0.76465678380433	376.73031346177	0.00000000000000
26.690000000000	-0.57903060166092	-0.76367111474401	376.73031346177	0.00000000000000
26.697000000000	-0.58047218215239	-0.76268537412654	376.73031346177	0.00000000000000
26.704000000000	-0.58190809531885	-0.76169957555882	376.73031346177	0.00000000000000
26.711000000000	-0.58333836507387	-0.76071373239639	376.73031346177	0.00000000000000
26.718000000000	-0.58476301521241	-0.75972785773812	376.73031346177	0.00000000000000
26.725000000000	-0.58618206940584	-0.75874196442044	376.73031346177	0.00000000000000
26.732000000000	-0.58759555119633	-0.75775606501072	376.73031346177	0.00000000000000
26.739000000000	-0.58900348399035	-0.75677017180001	376.73031346177	0.00000000000000
26.746000000000	-0.59040589105122	-0.75578429679483	376.73031346177	0.00000000000000
26.753000000000	-0.59180279549056	-0.75479845170818	376.73031346177	0.00000000000000
26.760000000000	-0.59319422025838	-0.75381264794941	376.73031346177	0.00000000000000
26.767000000000	-0.59458018813167	-0.75282689661310	376.73031346177	0.00000000000000
26.774000000000	-0.59596072170118	-0.75184120846676	376.73031346177	0.00000000000000
26.781000000000	-0.59733584335607	-0.75085559393717	376.73031346177	0.00000000000000
26.788000000000	-0.59870557526614	-0.74987006309547	376.73031346177	0.00000000000000
26.795000000000	-0.60006993936111	-0.74888462564066	376.73031346177	0.00000000000000
26.802000000000	-0.60142895730645	-0.74789929088161	376.73031346177	0.00000000000000
26.809000000000	-0.60278265047526	-0.74691406771740	376.73031346177	0.00000000000000
26.816000000000	-0.60413103991531	-0.74592896461598	376.73031346177	0.00000000000000
26.823000000000	-0.60547414631044	-0.74494398959104	376.73031346177	0.00000000000000
26.830000000000	-0.60681198993532	-0.74395915017724	376.73031346177	0.00000000000000
26.837000000000	-0.60814459060225	-0.74297445340379	376.73031346177	0.00000000000000
26.844000000000	-0.60947196759858	-0.74198990576661	376.73031346177	0.00000000000000
26.851000000000	-0.61079413961294	-0.74100551319946	376.73031346177	0.00000000000000
26.858000000000	-0.61211112464819	-0.74002128104447	376.73031346177	0.00000000000000
26.865000000000	-0.61342293991851	-0.73903721402312	376.73031346177	0.00000000000000
26.872000000000	-0.61472960172775	-0.73805331620872	376.73031346177	0.00000000000000
26.879000000000	-0.61603112532535	-0.73706959100228	376.73031346177	0.00000000000000
26.886000000000	-0.61732752473564	-0.73608604111428	376.73031346177	0.00000000000000
26.893000000000	-0.61861881255571	-0.73510266855597	376.73031346177	0.00000000000000
26.900000000000	-0.61990499971589	-0.73411947464507	376.73031346177	0.00000000000000
26.907000000000	-0.62118609519648	-0.73313646003275	376.73031346177	0.00000000000000
26.914000000000	-0.62246210569309	-0.73215362476117	376.73031346177	0.00000000000000
26.921000000000	-0.62373303522257	-0.73117096836447	376.73031346177	0.00000000000000
26.928000000000	-0.62499888466092	-0.73018849003023	376.73031346177	0.00000000000000
26.935000000000	-0.62625965120493	-0.72920618884465	376.73031346177	0.00000000000000
26.942000000000	-0.62751532775041	-0.72822406415246	376.73031346177	0.00000000000000
26.949000000000	-0.62876590218342	-0.72724211607217	376.73031346177	0.00000000000000
26.956000000000	-0.63001135658705	-0.72626034622046	376.73031346177	0.00000000000000
26.963000000000	-0.63125166637761	-0.72527875871426	376.73031346177	0.00000000000000
26.970000000000	-0.63248679940279	-0.72429736153739	376.73031346177	0.00000000000000
26.977000000000	-0.63371671506448	-0.72331616837804	376.73031346177	0.00000000000000
26.984000000000	-0.63494136357422	-0.72233520106101	376.73031346177	0.00000000000000
26.991000000000	-0.63616068551741	-0.72135449270963	376.73031346177	0.00000000000000
26.998000000000	-0.63737461199749	-0.72037409176441	376.73031346177	0.00000000000000
27.000000000000	-0.63772044649435	-0.72009404268806	376.73031346177	0.00000000000000
27.005000000000	-0.63858306575922	-0.71939406694201	376.73031346177	0.00000000000000
27.012000000000	-0.63978596384703	-0.71841451310908	376.73031346177	0.00000000000000
27.019000000000	-0.64098322252352	-0.71743555783293	376.73031346177	0.00000000000000
27.026000000000	-0.64217476530643	-0.71645736800717	376.73031346177	0.00000000000000
27.033000000000	-0.64336053498441	-0.71548015539692	376.73031346177	0.00000000000000
27.040000000000	-0.64454051018725	-0.71450417921252	376.73031346177	0.00000000000000
27.047000000000	-0.64571472630012	-0.71352974301935	376.73031346177	0.00000000000000
27.054000000000	-0.64688329902891	-0.71255718273623	376.73031346177	0.00000000000000
27.061000000000	-0.64804644672682	-0.71158684272478	376.73031346177	0.00000000000000
27.068000000000	-0.64920450511695	-0.71061903873549	376.73031346177	0.00000000000000
27.075000000000	-0.65035792641021	-0.70965401022826	376.73031346177	0.00000000000000
27.082000000000	-0.65150725569158	-0.70869186988496	376.73031346177	0.00000000000000
27.089000000000	-0.65265308220326	-0.70773256303404	376.73031346177	0.00000000000000
27.096000000000	-0.65379597140756	-0.70677585108132	376.73031346177	0.00000000000000
27.103000000000	-0.65493639236097	-0.70582132836914	376.73031346177	0.00000000000000
27.110000000000	-0.65607465918400	-0.70486847171652	376.73031346177	0.00000000000000
27.117000000000	-0.65721090198105	-0.70391671064065	376.73031346177	0.00000000000000
27.124000000000	-0.65834507257197	-0.70296549975355	376.73031346177	0.00000000000000
27.131000000000	-0.65947697900253	-0.70201437618657	376.73031346177	0.00000000000000
27.138000000000	-0.66060633552855	-0.70106299246664	376.73031346177	0.00000000000000
27.145000000000	-0.66173281390717	-0.70011112437859	376.73031346177	0.00000000000000
27.152000000000	-0.66285608584832	-0.69915865983355	376.73031346177	0.00000000000000
27.159000000000	-0.66397585212552	-0.69820557710908	376.73031346177	0.00000000000000
27.166000000000	-0.66509185848601	-0.69725191989587	376.73031346177	0.00000000000000
27.173000000000	-0.66620390108878	-0.69629777414245	376.73031346177	0.00000000000000
27.180000000000	-0.66731182494826	-0.69534324918386	376.73031346177	0.00000000000000
27.187000000000	-0.66841551848811	-0.69438846378921	376.73031346177	0.00000000000000
27.194000000000	-0.66951490649241	-0.69343353669676	376.73031346177	0.00000000000000
27.201000000000	-0.67060994290652	-0.69247858075384	376.73031346177	0.00000000000000
27.208000000000	-0.67170060427771	-0.69152369970944	376.73031346177	0.00000000000000
27.215000000000	-0.67278688417416	-0.69056898682525	376.73031346177	0.00000000000000
27.222000000000	-0.67386878864925	-0.68961452465280	376.73031346177	0.00000000000000
27.229000000000	-0.67494633267517	-0.68866038550330	376.73031346177	0.00000000000000
27.236000000000	-0.67601953740813	-0.68770663228673	376.73031346177	0.00000000000000
27.243000000000	-0.67708842813364	-0.68675331951006	376.73031346177	0.00000000000000
27.250000000000	-0.67815303274949	-0.68580049430540	376.73031346177	0.00000000000000
27.257000000000	-0.67921338066399	-0.68484819741392	376.73031346177	0.00000000000000
27.264000000000	-0.68026950200919	-0.68389646408712	376.73031346177	0.00000000000000
27.271000000000	-0.68132142708954	-0.68294532488935	376.73031346177	0.00000000000000
27.278000000000	-0.68236918600447	-0.68199480639903	376.73031346177	0.00000000000000
27.285000000000	-0.68341280839799	-0.68104493181323	376.73031346177	0.00000000000000
27.292000000000	-0.68445232330014	-0.68009572146417	376.73031346177	0.00000000000000
27.299000000000	-0.68548775903406	-0.67914719325759	376.73031346177	0.00000000000000
27.306000000000	-0.68651914316927	-0.67819936304331	376.73031346177	0.00000000000000
27.313000000000	-0.68754650250716	-0.67725224492737	376.73031346177	0.00000000000000
27.320000000000	-0.68856986308813	-0.67630585153459	376.73031346177	0.00000000000000
27.327000000000	-0.68958925021319	-0.67536019422922	376.73031346177	0.00000000000000
27.334000000000	-0.69060468847451	-0.67441528330029	376.73031346177	0.00000000000000
27.341000000000	-0.69161620179121	-0.67347112811733	376.73031346177	0.00000000000000
27.348000000000	-0.69262381344775	-0.67252773726132	376.73031346177	0.00000000000000
27.355000000000	-0.69362754613300	-0.67158511863492	376.73031346177	0.00000000000000
27.362000000000	-0.69462742197892	-0.67064327955528	376.73031346177	0.00000000000000
27.369000000000	-0.69562346259786	-0.66970222683240	376.73031346177	0.00000000000000
27.376000000000	-0.69661568911808	-0.66876196683537	376.73031346177	0.00000000000000
27.383000000000	-0.69760412221723	-0.66782250554839	376.73031346177	0.00000000000000
27.390000000000	-0.69858878215356	-0.66688384861826	376.73031346177	0.00000000000000
27.397000000000	-0.69956968879489	-0.66594600139480	376.73031346177	0.00000000000000
27.404000000000	-0.70054686164535	-0.66500896896521	376.73031346177	0.00000000000000
27.411000000000	-0.70152031987004	-0.66407275618330	376.73031346177	0.00000000000000
27.418000000000	-0.70249008231763	-0.66313736769461	376.73031346177	0.00000000000000
27.425000000000	-0.70345616754101	-0.66220280795779	376.73031346177	0.00000000000000
27.432000000000	-0.70441859381631	-0.66126908126300	376.73031346177	0.00000000000000
27.439000000000	-0.70537737916017	-0.66033619174775	376.73031346177	0.00000000000000
27.446000000000	-0.70633254134554	-0.65940414341045	376.73031346177	0.00000000000000
27.453000000000	-0.70728409791616	-0.65847294012227	376.73031346177	0.00000000000000
27.460000000000	-0.70823206619971	-0.65754258563722	376.73031346177	0.00000000000000
27.467000000000	-0.70917646331989	-0.65661308360106	376.73031346177	0.00000000000000
27.474000000000	-0.71011730620737	-0.65568443755893	376.73031346177	0.00000000000000
27.481000000000	-0.71105461160988	-0.65475665096203	376.73031346177	0.00000000000000
27.488000000000	-0.71198839610141	-0.65382972717352	376.73031346177	0.00000000000000
27.495000000000	-0.71291867609057	-0.65290366947356	376.73031346177	0.00000000000000
27.502000000000	-0.71384546782838	-0.65197848106390	376.73031346177	0.00000000000000
27.509000000000	-0.71476878741524	-0.65105416507173	376.73031346177	0.00000000000000
27.516000000000	-0.71568865080749	-0.65013072455326	376.73031346177	0.00000000000000
27.523000000000	-0.71660507382329	-0.64920816249680	376.73031346177	0.00000000000000
27.530000000000	-0.71751807214815	-0.64828648182548	376.73031346177	0.00000000000000
27.537000000000	-0.71842766133993	-0.64736568539972	376.73031346177	0.00000000000000
27.544000000000	-0.71933385683347	-0.64644577601944	376.73031346177	0.00000000000000
27.551000000000	-0.72023667394489	-0.64552675642601	376.73031346177	0.00000000000000
27.558000000000	-0.72113612787551	-0.64460862930400	376.73031346177	0.00000000000000
27.565000000000	-0.72203223371553	-0.64369139728284	376.73031346177	0.00000000000000
27.572000000000	-0.72292500644739	-0.64277506293822	376.73031346177	0.00000000000000
27.579000000000	-0.72381446094889	-0.64185962879343	376.73031346177	0.00000000000000
27.586000000000	-0.72470061199613	-0.64094509732057	376.73031346177	0.00000000000000
27.593000000000	-0.72558347426617	-0.64003147094168	376.73031346177	0.00000000000000
27.600000000000	-0.72646306233955	-0.63911875202973	376.73031346177	0.00000000000000
27.607000000000	-0.72733939070264	-0.63820694290958	376.73031346177	0.00000000000000
27.614000000000	-0.72821247374981	-0.63729604585887	376.73031346177	0.00000000000000
27.621000000000	-0.72908232578548	-0.63638606310883	376.73031346177	0.00000000000000
27.628000000000	-0.72994896102599	-0.63547699684506	376.73031346177	0.00000000000000
27.635000000000	-0.73081239360143	-0.63456884920824	376.73031346177	0.00000000000000
27.642000000000	-0.73167263755727	-0.63366162229482	376.73031346177	0.00000000000000
27.649000000000	-0.73252970685595	-0.63275531815765	376.73031346177	0.00000000000000
27.656000000000	-0.73338361537835	-0.63184993880662	376.73031346177	0.00000000000000
27.663000000000	-0.73423437692520	-0.63094548620924	376.73031346177	0.00000000000000
27.670000000000	-0.73508200521835	-0.63004196229117	376.73031346177	0.00000000000000
27.677000000000	-0.73592651390204	-0.62913936893681	376.73031346177	0.00000000000000
27.684000000000	-0.73676791654404	-0.62823770798976	376.73031346177	0.00000000000000
27.691000000000	-0.73760622663681	-0.62733698125338	376.73031346177	0.00000000000000
27.698000000000	-0.73844145759849	-0.62643719049122	376.73031346177	0.00000000000000
27.705000000000	-0.73927362277391	-0.62553833742751	376.73031346177	0.00000000000000
27.712000000000	-0.74010273543556	-0.62464042374762	376.73031346177	0.00000000000000
27.719000000000	-0.74092880878449	-0.62374345109851	376.73031346177	0.00000000000000
27.726000000000	-0.74175185595114	-0.62284742108915	376.73031346177	0.00000000000000
27.733000000000	-0.74257188999618	-0.62195233529093	376.73031346177	0.00000000000000
27.740000000000	-0.74338892391129	-0.62105819523810	376.73031346177	0.00000000000000
27.747000000000	-0.74420297061990	-0.62016500242818	376.73031346177	0.00000000000000
27.754000000000	-0.74501404297795	-0.61927275832230	376.73031346177	0.00000000000000
27.761000000000	-0.74582215377452	-0.61838146434569	376.73031346177	0.00000000000000
27.768000000000	-0.74662731573252	-0.61749112188796	376.73031346177	0.00000000000000
27.775000000000	-0.74742954150933	-0.61660173230357	376.73031346177	0.00000000000000
27.782000000000	-0.74822884369743	-0.61571329691211	376.73031346177	0.00000000000000
27.789000000000	-0.74902523482493	-0.61482581699877	376.73031346177	0.00000000000000
27.796000000000	-0.74981872735621	-0.61393929381461	376.73031346177	0.00000000000000
27.803000000000	-0.75060933369243	-0.61305372857698	376.73031346177	0.00000000000000
27.810000000000	-0.75139706617208	-0.61216912246985	376.73031346177	0.00000000000000
27.817000000000	-0.75218193707149	-0.61128547664416	376.73031346177	0.00000000000000
27.824000000000	-0.75296395860532	-0.61040279221816	376.73031346177	0.00000000000000
27.831000000000	-0.75374314292709	-0.60952107027779	376.73031346177	0.00000000000000
27.838000000000	-0.75451950212957	-0.60864031187693	376.73031346177	0.00000000000000
27.845000000000	-0.75529304824534	-0.60776051803786	376.73031346177	0.00000000000000
27.852000000000	-0.75606379324714	-0.60688168975146	376.73031346177	0.00000000000000
27.859000000000	-0.75683174904838	-0.60600382797765	376.73031346177	0.00000000000000
27.866000000000	-0.75759692750352	-0.60512693364565	376.73031346177	0.00000000000000
27.873000000000	-0.75835934040851	-0.60425100765431	376.73031346177	0.00000000000000
27.880000000000	-0.75911899950117	-0.60337605087244	376.73031346177	0.00000000000000
27.887000000000	-0.75987591646160	-0.60250206413913	376.73031346177	0.00000000000000
27.894000000000	-0.76063010291257	-0.60162904826404	376.73031346177	0.00000000000000
27.901000000000	-0.76138157041990	-0.60075700402774	376.73031346177	0.00000000000000
27.908000000000	-0.76213033049281	-0.59988593218201	376.73031346177	0.00000000000000
27.915000000000	-0.76287639458431	-0.59901583345010	376.73031346177	0.00000000000000
27.922000000000	-0.76361977409153	-0.59814670852712	376.73031346177	0.00000000000000
27.929000000000	-0.76436048035611	-0.59727855808025	376.73031346177	0.00000000000000
27.936000000000	-0.76509852466449	-0.59641138274908	376.73031346177	0.00000000000000
27.943000000000	-0.76583391824831	-0.59554518314591	376.73031346177	0.00000000000000
27.950000000000	-0.76656667228469	-0.59467995985604	376.73031346177	0.00000000000000
27.957000000000	-0.76729679789658	-0.59381571343802	376.73031346177	0.00000000000000
27.964000000000	-0.76802430615309	-0.59295244442398	376.73031346177	0.00000000000000
27.971000000000	-0.76874920806979	-0.59209015331991	376.73031346177	0.00000000000000
27.978000000000	-0.76947151460904	-0.59122884060592	376.73031346177	0.00000000000000
27.985000000000	-0.77019123668027	-0.59036850673653	376.73031346177	0.00000000000000
27.992000000000	-0.77090838514034	-0.58950915214096	376.73031346177	0.00000000000000
27.999000000000	-0.77162297079376	-0.58865077722337	376.73031346177	0.00000000000000
28.006000000000	-0.77233500439307	-0.58779338236318	376.73031346177	0.00000000000000
28.013000000000	-0.77304449663908	-0.58693696791529	376.73031346177	0.00000000000000
28.020000000000	-0.77375145818116	-0.58608153421039	376.73031346177	0.00000000000000
28.027000000000	-0.77445589961755	-0.58522708155519	376.73031346177	0.00000000000000
28.034000000000	-0.77515783149565	-0.58437361023271	376.73031346177	0.00000000000000
28.041000000000	-0.77585726431225	-0.58352112050252	376.73031346177	0.00000000000000
28.048000000000	-0.77655420851385	-0.58266961260101	376.73031346177	0.00000000000000
28.055000000000	-0.77724867449694	-0.58181908674165	376.73031346177	0.00000000000000
28.062000000000	-0.77794067260822	-0.58096954311523	376.73031346177	0.00000000000000
28.069000000000	-0.77863021314493	-0.58012098189012	376.73031346177	0.00000000000000
28.076000000000	-0.77931730635506	-0.57927340321251	376.73031346177	0.00000000000000
28.083000000000	-0.78000196243768	-0.57842680720669	376.73031346177	0.00000000000000
28.090000000000	-0.78068419154311	-0.57758119397522	376.73031346177	0.00000000000000
28.097000000000	-0.78136400377327	-0.57673656359928	376.73031346177	0.00000000000000
28.104000000000	-0.78204140918186	-0.57589291613881	376.73031346177	0.00000000000000
28.111000000000	-0.78271641777469	-0.57505025163280	376.73031346177	0.00000000000000
28.118000000000	-0.78338903950985	-0.57420857009953	376.73031346177	0.00000000000000
28.125000000000	-0.78405928429802	-0.57336787153679	376.73031346177	0.00000000000000
28.132000000000	-0.78472716200270	-0.57252815592209	376.73031346177	0.00000000000000
28.139000000000	-0.78539268244044	-0.57168942321294	376.73031346177	0.00000000000000
28.146000000000	-0.78605585538112	-0.57085167334703	376.73031346177	0.00000000000000
28.153000000000	-0.78671669054814	-0.57001490624249	376.73031346177	0.00000000000000
28.160000000000	-0.78737519761872	-0.56917912179810	376.73031346177	0.00000000000000
28.167000000000	-0.78803138622407	-0.56834431989350	376.73031346177	0.00000000000000
28.174000000000	-0.78868526594971	-0.56751050038944	376.73031346177	0.00000000000000
28.181000000000	-0.78933684633561	-0.56667766312796	376.73031346177	0.00000000000000
28.188000000000	-0.78998613687651	-0.56584580793264	376.73031346177	0.00000000000000
28.195000000000	-0.79063314702211	-0.56501493460879	376.73031346177	0.00000000000000
28.202000000000	-0.79127788617728	-0.56418504294367	376.73031346177	0.00000000000000
28.209000000000	-0.79192036370233	-0.56335613270671	376.73031346177	0.00000000000000
28.216000000000	-0.79256058891323	-0.56252820364970	376.73031346177	0.00000000000000
28.223000000000	-0.79319857108181	-0.56170125550700	376.73031346177	0.00000000000000
28.230000000000	-0.79383431943599	-0.56087528799575	376.73031346177	0.00000000000000
28.237000000000	-0.79446784316004	-0.56005030081609	376.73031346177	0.00000000000000
28.244000000000	-0.79509915139476	-0.55922629365132	376.73031346177	0.00000000000000
28.251000000000	-0.79572825323770	-0.55840326616811	376.73031346177	0.00000000000000
28.258000000000	-0.79635515774343	-0.55758121801672	376.73031346177	0.00000000000000
28.265000000000	-0.79697987392367	-0.55676014883120	376.73031346177	0.00000000000000
28.272000000000	-0.79760241074759	-0.55594005822952	376.73031346177	0.00000000000000
28.279000000000	-0.79822277714199	-0.55512094581383	376.73031346177	0.00000000000000
28.286000000000	-0.79884098199149	-0.55430281117062	376.73031346177	0.00000000000000
28.293000000000	-0.79945703413879	-0.55348565387090	376.73031346177	0.00000000000000
28.300000000000	-0.80007094238485	-0.55266947347043	376.73031346177	0.00000000000000
28.307000000000	-0.80068271548909	-0.55185426950982	376.73031346177	0.00000000000000
28.314000000000	-0.80129236216964	-0.55104004151480	376.73031346177	0.00000000000000
28.321000000000	-0.80189989110351	-0.55022678899635	376.73031346177	0.00000000000000
28.328000000000	-0.80250531092681	-0.54941451145090	376.73031346177	0.00000000000000
28.335000000000	-0.80310863023495	-0.54860320836048	376.73031346177	0.00000000000000
28.342000000000	-0.80370985758286	-0.54779287919293	376.73031346177	0.00000000000000
28.349000000000	-0.80430900148515	-0.54698352340205	376.73031346177	0.00000000000000
28.356000000000	-0.80490607041639	-0.54617514042780	376.73031346177	0.00000000000000
28.363000000000	-0.80550107281121	-0.54536772969642	376.73031346177	0.00000000000000
28.370000000000	-0.80609401706460	-0.54456129062064	376.73031346177	0.00000000000000
28.377000000000	-0.80668491153202	-0.54375582259985	376.73031346177	0.00000000000000
28.384000000000	-0.80727376452966	-0.54295132502024	376.73031346177	0.00000000000000
28.391000000000	-0.80786058433461	-0.54214779725498	376.73031346177	0.00000000000000
28.398000000000	-0.80844537918506	-0.54134523866436	376.73031346177	0.00000000000000
28.405000000000	-0.80902815728050	-0.54054364859600	376.73031346177	0.00000000000000
28.412000000000	-0.80960892678188	-0.53974302638496	376.73031346177	0.00000000000000
28.419000000000	-0.81018769581185	-0.53894337135391	376.73031346177	0.00000000000000
28.426000000000	-0.81076447245494	-0.53814468281330	376.73031346177	0.00000000000000
28.433000000000	-0.81133926475771	-0.53734696006152	376.73031346177	0.00000000000000
28.440000000000	-0.81191208072899	-0.53655020238501	376.73031346177	0.00000000000000
28.447000000000	-0.81248292834005	-0.53575440905847	376.73031346177	0.00000000000000
28.454000000000	-0.81305181552477	-0.53495957934497	376.73031346177	0.00000000000000
28.461000000000	-0.81361875017984	-0.53416571249610	376.73031346177	0.00000000000000
28.468000000000	-0.81418374016496	-0.53337280775214	376.73031346177	0.00000000000000
28.475000000000	-0.81474679330301	-0.53258086434220	376.73031346177	0.00000000000000
28.482000000000	-0.81530791738021	-0.53178988148434	376.73031346177	0.00000000000000
28.489000000000	-0.81586712014636	-0.53099985838574	376.73031346177	0.00000000000000
28.496000000000	-0.81642440931495	-0.53021079424284	376.73031346177	0.00000000000000
28.503000000000	-0.81697979256341	-0.52942268824146	376.73031346177	0.00000000000000
28.510000000000	-0.81753327753325	-0.52863553955696	376.73031346177	0.00000000000000
28.517000000000	-0.81808487183023	-0.52784934735436	376.73031346177	0.00000000000000
28.524000000000	-0.81863458302456	-0.52706411078850	376.73031346177	0.00000000000000
28.531000000000	-0.81918241865109	-0.52627982900414	376.73031346177	0.00000000000000
28.538000000000	-0.81972838620946	-0.52549650113614	376.73031346177	0.00000000000000
28.545000000000	-0.82027249316425	-0.52471412630953	376.73031346177	0.00000000000000
28.552000000000	-0.82081474694523	-0.52393270363971	376.73031346177	0.00000000000000
28.559000000000	-0.82135515494747	-0.52315223223253	376.73031346177	0.00000000000000
28.566000000000	-0.82189372453153	-0.52237271118443	376.73031346177	0.00000000000000
28.573000000000	-0.82243046302363	-0.52159413958258	376.73031346177	0.00000000000000
28.580000000000	-0.82296537771585	-0.52081651650501	376.73031346177	0.00000000000000
28.587000000000	-0.82349847586625	-0.52003984102068	376.73031346177	0.00000000000000
28.594000000000	-0.82402976469906	-0.51926411218969	376.73031346177	0.00000000000000
28.601000000000	-0.82455925140487	-0.51848932906332	376.73031346177	0.00000000000000
28.608000000000	-0.82508694314077	-0.51771549068422	376.73031346177	0.00000000000000
28.615000000000	-0.82561284703053	-0.51694259608647	376.73031346177	0.00000000000000
28.622000000000	-0.82613697016476	-0.51617064429574	376.73031346177	0.00000000000000
28.629000000000	-0.82665931960106	-0.51539963432939	376.73031346177	0.00000000000000
28.636000000000	-0.82717990236423	-0.51462956519658	376.73031346177	0.00000000000000
28.643000000000	-0.82769872544638	-0.51386043589841	376.73031346177	0.00000000000000
28.650000000000	-0.82821579580712	-0.51309224542801	376.73031346177	0.00000000000000
28.657000000000	-0.82873112037373	-0.51232499277065	376.73031346177	0.00000000000000
28.664000000000	-0.82924470604129	-0.51155867690387	376.73031346177	0.00000000000000
28.671000000000	-0.82975655967286	-0.51079329679758	376.73031346177	0.00000000000000
28.678000000000	-0.83026668809966	-0.51002885141418	376.73031346177	0.00000000000000
28.685000000000	-0.83077509812117	-0.50926533970864	376.73031346177	0.00000000000000
28.692000000000	-0.83128179650536	-0.50850276062865	376.73031346177	0.00000000000000
28.699000000000	-0.83178678998878	-0.50774111311467	376.73031346177	0.00000000000000
28.706000000000	-0.83229008527676	-0.50698039610010	376.73031346177	0.00000000000000
28.713000000000	-0.83279168904354	-0.50622060851133	376.73031346177	0.00000000000000
28.720000000000	-0.83329160793245	-0.50546174926788	376.73031346177	0.00000000000000
28.727000000000	-0.83378984855605	-0.50470381728246	376.73031346177	0.00000000000000
28.734000000000	-0.83428641749626	-0.50394681146112	376.73031346177	0.00000000000000
28.741000000000	-0.83478132130455	-0.50319073070331	376.73031346177	0.00000000000000
28.748000000000	-0.83527456650208	-0.50243557390202	376.73031346177	0.00000000000000
28.755000000000	-0.83576615957983	-0.50168133994381	376.73031346177	0.00000000000000
28.762000000000	-0.83625610699878	-0.50092802770899	376.73031346177	0.00000000000000
28.769000000000	-0.83674441519004	-0.50017563607164	376.73031346177	0.00000000000000
28.776000000000	-0.83723109055500	-0.49942416389978	376.73031346177	0.00000000000000
28.783000000000	-0.83771613946548	-0.49867361005538	376.73031346177	0.00000000000000
28.790000000000	-0.83819956826388	-0.49792397339452	376.73031346177	0.00000000000000
28.797000000000	-0.83868138326333	-0.49717525276746	376.73031346177	0.00000000000000
28.804000000000	-0.83916159074782	-0.49642744701871	376.73031346177	0.00000000000000
28.811000000000	-0.83964019697236	-0.49568055498717	376.73031346177	0.00000000000000
28.818000000000	-0.84011720816310	-0.49493457550615	376.73031346177	0.00000000000000
28.825000000000	-0.84059263051752	-0.49418950740352	376.73031346177	0.00000000000000
28.832000000000	-0.84106647020453	-0.49344534950177	376.73031346177	0.00000000000000
28.839000000000	-0.84153873336461	-0.49270210061809	376.73031346177	0.00000000000000
28.846000000000	-0.84200942610998	-0.49195975956449	376.73031346177	0.00000000000000
28.853000000000	-0.84247855452473	-0.49121832514783	376.73031346177	0.00000000000000
28.860000000000	-0.84294612466495	-0.49047779616995	376.73031346177	0.00000000000000
28.867000000000	-0.84341214255888	-0.48973817142772	376.73031346177	0.00000000000000
28.874000000000	-0.84387661420704	-0.48899944971317	376.73031346177	0.00000000000000
28.881000000000	-0.84433954558236	-0.48826162981352	376.73031346177	0.00000000000000
28.888000000000	-0.84480094263034	-0.48752471051126	376.73031346177	0.00000000000000
28.895000000000	-0.84526081126918	-0.48678869058429	376.73031346177	0.00000000000000
28.902000000000	-0.84571915738988	-0.48605356880593	376.73031346177	0.00000000000000
28.909000000000	-0.84617598685644	-0.48531934394504	376.73031346177	0.00000000000000
28.916000000000	-0.84663130550594	-0.48458601476607	376.73031346177	0.00000000000000
28.923000000000	-0.84708511914869	-0.48385358002917	376.73031346177	0.00000000000000
28.930000000000	-0.84753743356835	-0.48312203849021	376.73031346177	0.00000000000000
28.937000000000	-0.84798825452212	-0.48239138890093	376.73031346177	0.00000000000000
28.944000000000	-0.84843758774078	-0.48166163000895	376.73031346177	0.00000000000000
28.951000000000	-0.84888543892890	-0.48093276055788	376.73031346177	0.00000000000000
28.958000000000	-0.84933181376491	-0.48020477928735	376.73031346177	0.00000000000000
28.965000000000	-0.84977671790129	-0.47947768493315	376.73031346177	0.00000000000000
28.972000000000	-0.85022015696463	-0.47875147622724	376.73031346177	0.00000000000000
28.979000000000	-0.85066213655584	-0.47802615189783	376.73031346177	0.00000000000000
28.986000000000	-0.85110266225019	-0.47730171066950	376.73031346177	0.00000000000000
28.993000000000	-0.85154173959749	-0.47657815126319	376.73031346177	0.00000000000000
29.000000000000	-0.85197937412222	-0.47585547239633	376.73031346177	0.00000000000000
